[694558806805577829] - [73]
[144522382026080256, 479306471482589186, 852698131530514453, 916792066648997968, 762353710931509268, 852698131530514453, 490152758478110742, 418928569452986370, 515648621669122157, 1069845068292300800] - [748, 659, 60, 524, 449, 374, 300, 225, 187, 187]
[905371584397729852] - [100]
[762353710931509268, 898933311576084551, 717534223447359571, 479306471482589186, 852698131530514453, 916792066648997968, 144522382026080256, 958359283697877053, 759789922718187541, 515648621669122157, 905371584397729852] - [448, 359, 314, 296, 27, 224, 180, 135, 112, 112, 112]
[905371584397729852] - [98]
[762353710931509268, 512246162628018177, 886995906946293843, 852698131530514453, 515648621669122157] - [21, 21, 24, 3, 21]
[144522382026080256, 717534223447359571, 418928569452986370, 515648621669122157, 1069845068292300800, 762353710931509268, 512246162628018177, 886995906946293843, 852698131530514453, 490152758478110742, 1053102728601145384, 479306471482589186, 852698131530514453, 759789922718187541, 898933311576084551] - [712, 570, 499, 428, 356, 285, 214, 196, 18, 178, 178, 196, 18, 178, 178]
[694558806805577829] - [22]
[926384243351887933] - [110]
[418928569452986370, 958359283697877053, 905371584397729852, 144522382026080256, 886995906946293843, 852698131530514453, 1054819014230159411, 834493463688118323, 512246162628018177, 926384243351887933, 490152758478110742, 759789922718187541, 898933311576084551] - [398, 319, 279, 239, 219, 20, 160, 120, 100, 100, 100, 100, 100]
[144522382026080256, 886995906946293843, 852698131530514453, 926384243351887933, 515648621669122157] - [18, 19, 2, 18, 18]
[515648621669122157] - [154]
[776341613135790110, 490152758478110742] - [40, 40]
[188550074832257025] - [95]
[516975285217001472] - [143]
[958359283697877053, 717534223447359571, 916792066648997968, 852698131530514453, 270018062369947648, 886995906946293843, 852698131530514453, 418928569452986370, 515648621669122157, 834493463688118323, 926384243351887933, 490152758478110742, 776341613135790110] - [792, 634, 555, 476, 396, 349, 32, 238, 198, 198, 198, 198, 198]
[852698131530514453, 958359283697877053, 834493463688118323, 490152758478110742, 418928569452986370, 886995906946293843, 852698131530514453, 916792066648997968, 926384243351887933, 759789922718187541, 144522382026080256, 515648621669122157] - [382, 306, 268, 230, 191, 169, 16, 115, 96, 96, 96, 96]
[515648621669122157, 418928569452986370, 490152758478110742, 886995906946293843, 852698131530514453, 1069845068292300800, 717534223447359571, 834493463688118323, 776341613135790110, 916792066648997968, 334777399298359296, 958359283697877053, 852698131530514453] - [372, 298, 261, 246, 23, 186, 149, 112, 93, 93, 93, 93, 93]
[916792066648997968, 926384243351887933, 886995906946293843, 852698131530514453, 515648621669122157, 776341613135790110] - [18, 18, 20, 2, 18, 18]
[515648621669122157, 754609746920734731, 886995906946293843, 852698131530514453, 926384243351887933] - [22, 22, 24, 3, 22]
[754609746920734731] - [17074]
[762353710931509268, 515648621669122157, 754609746920734731, 834493463688118323, 926384243351887933, 974643034245439508, 270018062369947648, 916792066648997968, 886995906946293843, 852698131530514453, 852698131530514453, 958359283697877053] - [522, 418, 366, 314, 261, 209, 157, 131, 144, 14, 131, 131]
[490152758478110742] - [131]
[1054819014230159411] - [131]
[916792066648997968, 512626581189951503, 776341613135790110, 516975285217001472, 754609746920734731, 270018062369947648, 232126809775407104, 886995906946293843, 852698131530514453, 738007521213808731, 270018062369947648, 144522382026080256, 515648621669122157, 762353710931509268, 490152758478110742, 926384243351887933, 852698131530514453, 958359283697877053, 1054819014230159411] - [870, 696, 609, 522, 435, 348, 261, 240, 22, 240, 22, 218, 218, 218, 218, 218, 218, 218, 218]
[762353710931509268, 926384243351887933, 738007521213808731, 270018062369947648, 270018062369947648, 516975285217001472, 834493463688118323, 754609746920734731, 680217671605682298, 515648621669122157, 1069845068292300800, 776341613135790110, 958359283697877053, 490152758478110742] - [466, 373, 359, 33, 280, 233, 187, 140, 117, 117, 117, 117, 117, 117]
[516975285217001472, 738007521213808731, 270018062369947648] - [60, 66, 6]
[511953854099619853, 852698131530514453, 270018062369947648, 523182273399619592, 916792066648997968, 926384243351887933, 754609746920734731, 958359283697877053, 515648621669122157, 680217671605682298, 490152758478110742] - [440, 352, 308, 264, 220, 176, 132, 110, 110, 110, 110]
[515648621669122157, 490152758478110742, 516975285217001472, 776341613135790110, 958359283697877053, 1069845068292300800, 916792066648997968, 523182273399619592, 926384243351887933, 754609746920734731, 974643034245439508, 511953854099619853, 759789922718187541] - [1014, 812, 710, 609, 507, 406, 305, 254, 254, 254, 254, 254, 254]
[270018062369947648] - [254]
[515648621669122157, 958359283697877053, 516975285217001472, 776341613135790110, 490152758478110742, 754609746920734731, 1069845068292300800, 926384243351887933, 834493463688118323] - [480, 384, 336, 288, 240, 192, 144, 120, 120]
[916792066648997968] - [117]
[515648621669122157, 717534223447359571, 203200098426028032, 1069845068292300800, 363170866990678017, 916792066648997968, 834493463688118323] - [942, 754, 660, 566, 471, 377, 283]
[203200098426028032] - [70]
[916792066648997968] - [187]
[203200098426028032] - [64]
[898933311576084551] - [160]
[898933311576084551] - [38]
[754609746920734731, 1059506401774415904, 916792066648997968, 898933311576084551, 974643034245439508, 515648621669122157] - [482, 386, 338, 290, 241, 193]
[754609746920734731] - [105]
[694558806805577829] - [40]
[203200098426028032] - [135]
[916792066648997968] - [110]
[512626581189951503] - [162]
[291018077015900162, 270018062369947648] - [35, 4]
[694558806805577829] - [131]
[203200098426028032] - [123]
[232126809775407104, 762353710931509268] - [66, 66]
[188550074832257025] - [148]
[515648621669122157] - [-10000]
[232126809775407104, 762353710931509268, 515648621669122157, 203200098426028032, 756592600630296628, 926384243351887933, 831890015972884502, 334777399298359296] - [504, 404, 353, 303, 252, 202, 152, 126]
[232126809775407104, 831890015972884502, 334777399298359296, 515648621669122157] - [30, 30, 30, 30]
[694558806805577829] - [55]
[515648621669122157, 232126809775407104, 831890015972884502] - [39, 39, 39]
[965363295685074964] - [132]
[232126809775407104, 475665526622781443, 291018077015900162, 270018062369947648, 776341613135790110, 511953854099619853, 549307979896455170, 831890015972884502, 334777399298359296, 515648621669122157] - [500, 400, 386, 35, 300, 250, 200, 150, 125, 125]
[475665526622781443] - [159]
[873593637626331157] - [66]
[188550074832257025] - [115]
[515648621669122157, 310902071236886538, 334777399298359296, 976552597324439664, 874790977427112048] - [350, 280, 245, 210, 175]
[232126809775407104, 976552597324439664, 1059506401774415904, 874790977427112048, 270018062369947648, 310902071236886538, 515648621669122157] - [794, 636, 556, 477, 397, 318, 239]
[346714138849837056] - [35]
[346714138849837056] - [18]
[232126809775407104, 976552597324439664, 515648621669122157] - [25, 25, 25]
[346714138849837056] - [32]
[346714138849837056] - [29]
[270018062369947648] - [72]
[270018062369947648] - [48]
[898933311576084551, 957675709537599508, 270018062369947648, 776341613135790110, 515648621669122157] - [246, 197, 173, 148, 123]
[515648621669122157, 1059506401774415904, 270018062369947648, 898933311576084551] - [476, 381, 334, 286]
[957675709537599508] - [54]
[898933311576084551] - [19]
[957675709537599508] - [47]
[898933311576084551, 270018062369947648, 957675709537599508, 958359283697877053] - [374, 300, 262, 225]
[203200098426028032] - [38]
[203200098426028032] - [42]
[957675709537599508] - [15]
[776341613135790110] - [54]
[776341613135790110] - [14]
[958359283697877053, 898933311576084551, 1069845068292300800] - [216, 173, 152]
[898933311576084551, 1069845068292300800] - [182, 146]
[1069845068292300800] - [16]
[1069845068292300800] - [16]
[334777399298359296, 898933311576084551, 1069845068292300800] - [258, 207, 181]
[334777399298359296] - [1]
[898933311576084551] - [1]
[915465775437987860] - [1]
[915465775437987860] - [60]
[915465775437987860] - [69]
[898933311576084551, 1069845068292300800, 776341613135790110] - [224, 180, 157]
[1069845068292300800, 958359283697877053, 898933311576084551, 1054819014230159411, 270018062369947648] - [506, 405, 355, 334, 31]
[898933311576084551, 1069845068292300800, 776341613135790110, 1054819014230159411, 270018062369947648] - [224, 180, 157, 148, 14]
[1069845068292300800] - [16]
[898933311576084551] - [246]
[958359283697877053, 1069845068292300800, 1054819014230159411, 270018062369947648] - [246, 197, 190, 18]
[1084037683745132594] - [19]
[958359283697877053, 475665526622781443, 479306471482589186, 852698131530514453, 916792066648997968, 1084037683745132594, 694104740853841942] - [360, 288, 278, 26, 216, 180, 144]
[232126809775407104, 958359283697877053, 694558806805577829, 479306471482589186, 852698131530514453, 1084037683745132594, 334777399298359296] - [766, 613, 537, 506, 46, 383, 307]
[475665526622781443] - [115]
[516975285217001472] - [128]
[475665526622781443, 1084037683745132594, 479306471482589186, 852698131530514453, 916792066648997968, 750436037838503997] - [354, 284, 273, 25, 213, 177]
[515648621669122157] - [177]
[886995906946293843, 852698131530514453, 946108238372429875, 479306471482589186, 852698131530514453, 916792066648997968, 1084037683745132594, 515648621669122157, 1069845068292300800, 475665526622781443] - [599, 55, 436, 419, 39, 327, 272, 218, 164, 136]
[775715330186018846] - [51]
[475665526622781443] - [102]
[916792066648997968] - [119]
[946108238372429875, 1084037683745132594, 475665526622781443, 479306471482589186, 916792066648997968, 926384243351887933, 1069845068292300800, 754609746920734731, 886995906946293843, 852698131530514453] - [376, 301, 264, 226, 188, 151, 113, 94, 104, 10]
[694104740853841942, 1046086737295835236, 946108238372429875, 232126809775407104, 475665526622781443, 1069845068292300800, 1084037683745132594, 886995906946293843, 852698131530514453, 916792066648997968, 754609746920734731, 515648621669122157, 334777399298359296] - [820, 656, 574, 492, 410, 328, 246, 226, 21, 205, 205, 205, 205]
[] - []
[817130171953971220] - [820]
[926384243351887933, 886995906946293843, 852698131530514453, 475665526622781443, 946108238372429875, 754609746920734731, 916792066648997968, 1084037683745132594, 1069845068292300800, 515648621669122157] - [15, 17, 2, 15, 15, 15, 15, 15, 15, 15]
[946108238372429875, 475665526622781443, 1069845068292300800, 694104740853841942, 363170866990678017, 479306471482589186, 334777399298359296, 1084037683745132594, 886995906946293843, 852698131530514453, 515648621669122157, 958359283697877053, 926384243351887933, 754609746920734731, 1085519730762338307] - [615, 492, 431, 369, 308, 246, 185, 154, 169, 16, 154, 154, 154, 154, 154]
[479306471482589186] - [360]
[475665526622781443] - [155]
[1086986336495489045] - [93]
[886995906946293843, 852698131530514453] - [93, 9]
[817130171953971220] - [84]
[694104740853841942] - [158]
[1085519730762338307] - [158]
[1085519730762338307] - [490]
[475665526622781443, 905371584397729852, 694104740853841942, 926384243351887933, 750436037838503997, 958359283697877053, 754609746920734731, 886995906946293843, 852698131530514453, 916792066648997968, 1069845068292300800, 1086986336495489045, 232126809775407104] - [490, 392, 343, 294, 245, 196, 147, 135, 13, 123, 123, 123, 123]
[515648621669122157] - [148]
[1085519730762338307] - [-408]
[1085519730762338307] - [98]
[516975285217001472] - [60]
[694104740853841942, 903167840494948392, 750436037838503997, 490152758478110742, 905371584397729852, 926384243351887933, 916792066648997968, 515648621669122157, 1086986336495489045, 334777399298359296, 475665526622781443, 270018062369947648, 754609746920734731, 516975285217001472, 717534223447359571, 418928569452986370] - [548, 438, 384, 329, 274, 219, 165, 137, 137, 137, 137, 137, 137, 137, 137, 137]
[270018062369947648] - [162]
[516975285217001472] - [136]
[418928569452986370, 903167840494948392, 516975285217001472, 694104740853841942, 1054819014230159411, 270018062369947648, 1086986336495489045, 479306471482589186, 905371584397729852, 270018062369947648, 759789922718187541, 334777399298359296, 515648621669122157, 754609746920734731, 916792066648997968, 750436037838503997] - [720, 576, 504, 432, 396, 36, 288, 216, 180, 180, 180, 180, 180, 180, 180, 180]
[926384243351887933] - [204]
[284761505361297409] - [52]
[232126809775407104, 717534223447359571, 516975285217001472, 750436037838503997, 694104740853841942, 512246162628018177, 916792066648997968, 926384243351887933, 903167840494948392, 515648621669122157, 874790977427112048, 974643034245439508, 754609746920734731, 418928569452986370, 270018062369947648, 490152758478110742, 1054819014230159411, 270018062369947648, 479306471482589186, 334777399298359296, 759789922718187541, 1086986336495489045] - [1006, 805, 704, 604, 503, 403, 302, 252, 252, 252, 252, 252, 252, 252, 252, 252, 277, 26, 252, 252, 252, 252]
[270018062369947648] - [162]
[926384243351887933] - [194]
[852698131530514453, 270018062369947648, 418928569452986370, 717534223447359571, 232126809775407104, 516975285217001472, 490152758478110742, 754609746920734731, 974643034245439508, 512246162628018177, 515648621669122157, 926384243351887933, 916792066648997968] - [713, 571, 499, 428, 357, 286, 214, 179, 179, 179, 179, 179, 179]
[270018062369947648] - [102]
[852698131530514453, 334777399298359296, 717534223447359571, 916792066648997968, 775715330186018846, 974643034245439508, 516975285217001472, 232126809775407104, 754609746920734731, 515648621669122157, 418928569452986370, 512246162628018177, 756592600630296628, 270018062369947648] - [1229, 984, 861, 738, 615, 492, 369, 308, 308, 308, 308, 308, 308, 308]
[926384243351887933] - [216]
[232126809775407104, 418928569452986370, 515648621669122157, 874790977427112048, 754609746920734731, 203200098426028032, 852698131530514453, 756592600630296628, 516975285217001472, 926384243351887933, 751377029697372220, 334777399298359296, 775715330186018846] - [675, 540, 473, 405, 338, 270, 203, 169, 169, 169, 169, 169, 169]
[694558806805577829] - [64]
[334777399298359296] - [82]
[515648621669122157, 270018062369947648, 490152758478110742] - [1095, 876, 767]
[775715330186018846] - [120]
[270018062369947648, 896460809927004170, 515648621669122157, 203200098426028032, 1054819014230159411, 270018062369947648, 490152758478110742, 852698131530514453, 334777399298359296] - [464, 372, 325, 279, 256, 24, 186, 140, 116]
[852698131530514453, 270018062369947648, 512246162628018177, 515648621669122157] - [424, 340, 297, 255]
[957675709537599508] - [142]
[232126809775407104, 270018062369947648, 334777399298359296, 751377029697372220, 852698131530514453, 759789922718187541, 515648621669122157] - [802, 642, 562, 482, 401, 321, 241]
[270018062369947648, 232126809775407104, 759789922718187541, 926384243351887933, 515648621669122157] - [456, 365, 320, 274, 228]
[516975285217001472] - [59]
[232126809775407104] - [86]
[515648621669122157, 232126809775407104, 750436037838503997, 776341613135790110] - [32, 32, 32, 32]
[232126809775407104, 515648621669122157] - [64, 64]
[203200098426028032, 750436037838503997, 232126809775407104, 776341613135790110, 270018062369947648, 515648621669122157, 334777399298359296] - [656, 525, 460, 394, 328, 263, 197]
[232126809775407104, 750436037838503997, 334777399298359296, 270018062369947648, 203200098426028032, 926384243351887933, 310902071236886538, 776341613135790110, 515648621669122157] - [962, 770, 674, 578, 481, 385, 289, 241, 241]
[479306471482589186] - [481]
[232126809775407104, 1059506401774415904, 756592600630296628, 479306471482589186, 926384243351887933, 203200098426028032, 750436037838503997, 515648621669122157, 852698131530514453, 334777399298359296, 270018062369947648, 776341613135790110] - [476, 381, 334, 286, 238, 191, 143, 119, 119, 119, 119, 119]
[515648621669122157, 516975285217001472, 776341613135790110, 203200098426028032, 750436037838503997, 1059506401774415904, 479306471482589186, 974643034245439508, 1053102728601145384, 713435162175602781] - [520, 416, 364, 312, 260, 208, 156, 130, 130, 130]
[713435162175602781] - [-2694]
[713435162175602781] - [-1005]
[516975285217001472] - [33]
[203200098426028032] - [110]
[270018062369947648, 516975285217001472, 334777399298359296, 776341613135790110, 490152758478110742, 515648621669122157, 769268266719510584] - [872, 698, 611, 524, 436, 349, 262]
[188550074832257025] - [126]
[515648621669122157, 516975285217001472, 1059506401774415904, 776341613135790110, 203200098426028032, 270018062369947648, 769268266719510584, 834493463688118323] - [584, 468, 409, 351, 292, 234, 176, 146]
[270018062369947648, 363170866990678017] - [836, 669]
[750436037838503997] - [46]
[203200098426028032, 750436037838503997, 516975285217001472, 334777399298359296, 270018062369947648, 776341613135790110] - [366, 293, 257, 220, 183, 147]
[203200098426028032] - [95]
[270018062369947648, 515648621669122157, 750436037838503997, 516975285217001472] - [686, 549, 481, 412]
[750436037838503997] - [26]
[750436037838503997] - [33]
[750436037838503997] - [32]
[479306471482589186] - [22]
[203200098426028032] - [54]
[203200098426028032, 776341613135790110, 270018062369947648, 1059506401774415904] - [246, 197, 173, 148]
[776341613135790110, 1059506401774415904, 270018062369947648, 479306471482589186, 203200098426028032] - [304, 244, 213, 183, 152]
[1059506401774415904, 203200098426028032, 270018062369947648] - [222, 178, 156]
[203200098426028032] - [28]
[479306471482589186] - [178]
[479306471482589186, 270018062369947648, 310902071236886538] - [264, 212, 185]
[203200098426028032] - [42]
[203200098426028032] - [36]
[203200098426028032] - [39]
[717534223447359571] - [22]
[334777399298359296] - [330]
[346714138849837056, 334777399298359296] - [300, 240]
[346714138849837056] - [11]
[346714138849837056] - [22]
[346714138849837056] - [45]
[346714138849837056] - [67]
[346714138849837056] - [73]
[346714138849837056] - [14]
[336889370386890762] - [65]
[336889370386890762] - [20]
[336889370386890762] - [95]
[515648621669122157, 776341613135790110, 418928569452986370, 1054819014230159411, 270018062369947648] - [282, 226, 198, 187, 17]
[418928569452986370, 144522382026080256, 974643034245439508, 134695420520693760, 515648621669122157, 776341613135790110] - [576, 461, 404, 346, 288, 231]
[515648621669122157, 144522382026080256, 418928569452986370, 134695420520693760, 916792066648997968, 776341613135790110] - [346, 277, 243, 208, 173, 139]
[515648621669122157, 418928569452986370, 776341613135790110] - [414, 332, 290]
[418928569452986370, 144522382026080256, 860886366309449769, 916792066648997968, 270018062369947648, 776341613135790110, 515648621669122157, 516975285217001472] - [750, 600, 525, 450, 375, 300, 225, 188]
[418928569452986370, 515648621669122157, 886995906946293843, 852698131530514453, 334777399298359296, 776341613135790110, 860886366309449769, 479306471482589186, 1059506401774415904] - [410, 328, 316, 29, 246, 205, 164, 123, 103]
[886995906946293843, 852698131530514453, 776341613135790110, 860886366309449769] - [42, 4, 38, 38]
[479306471482589186] - [38]
[860886366309449769, 776341613135790110, 144522382026080256, 980194438972309525, 270018062369947648, 717534223447359571, 759789922718187541, 916792066648997968, 905406492239364117] - [414, 332, 290, 274, 25, 207, 166, 125, 104]
[762353710931509268, 860886366309449769, 916792066648997968, 479306471482589186, 980194438972309525, 270018062369947648, 134695420520693760, 776341613135790110, 717534223447359571] - [722, 578, 506, 434, 398, 37, 289, 217, 181]
[717534223447359571, 776341613135790110, 759789922718187541, 860886366309449769, 334777399298359296, 479306471482589186, 980194438972309525, 270018062369947648] - [476, 381, 334, 286, 238, 191, 158, 15]
[860886366309449769] - [107]
[284761505361297409] - [30]
[334777399298359296, 754609746920734731, 284761505361297409, 776341613135790110, 916792066648997968, 515648621669122157, 134695420520693760] - [664, 532, 465, 399, 332, 266, 200]
[754609746920734731, 334777399298359296, 717534223447359571, 916792066648997968, 134695420520693760, 776341613135790110] - [474, 380, 332, 285, 237, 190]
[515648621669122157] - [190]
[334777399298359296, 754609746920734731, 511953854099619853, 515648621669122157] - [358, 287, 251, 215]
[203200098426028032] - [59]
[334777399298359296, 516975285217001472, 754609746920734731, 717534223447359571, 903167840494948392, 776341613135790110, 916792066648997968, 511953854099619853, 759859163282669578, 515648621669122157] - [472, 378, 331, 284, 236, 189, 142, 118, 118, 118]
[515648621669122157, 334777399298359296, 516975285217001472, 905371584397729852, 776341613135790110, 1059506401774415904, 916792066648997968, 203200098426028032, 479306471482589186, 754609746920734731] - [458, 367, 321, 275, 229, 184, 138, 115, 115, 115]
[775715330186018846] - [49]
[232126809775407104, 515648621669122157, 916792066648997968, 1059506401774415904, 516975285217001472, 974643034245439508, 479306471482589186, 776341613135790110, 334777399298359296, 134695420520693760, 418928569452986370, 905371584397729852, 754609746920734731] - [716, 573, 502, 430, 358, 287, 215, 179, 179, 179, 179, 179, 179]
[926384243351887933] - [64]
[284761505361297409] - [124]
[694104740853841942, 717534223447359571, 516975285217001472, 479306471482589186, 418928569452986370, 916792066648997968, 905371584397729852, 754609746920734731, 515648621669122157, 926384243351887933, 776341613135790110, 974643034245439508, 1059506401774415904, 1086986336495489045] - [416, 333, 292, 250, 208, 167, 125, 104, 104, 104, 104, 104, 104, 104]
[717534223447359571, 926384243351887933] - [27, 27]
[418928569452986370, 762353710931509268, 834493463688118323, 203200098426028032, 754609746920734731, 1086986336495489045, 916792066648997968, 717534223447359571, 776341613135790110, 479306471482589186, 134695420520693760, 926384243351887933, 974643034245439508, 515648621669122157] - [540, 432, 378, 324, 270, 216, 162, 135, 135, 135, 135, 135, 135, 135]
[516975285217001472] - [29]
[334777399298359296, 926384243351887933, 754609746920734731, 776341613135790110, 916792066648997968, 516975285217001472, 974643034245439508, 284761505361297409, 418928569452986370, 717534223447359571, 775715330186018846, 134695420520693760, 1086986336495489045, 834493463688118323, 515648621669122157, 694104740853841942] - [1024, 820, 717, 615, 512, 410, 308, 256, 256, 256, 256, 256, 256, 256, 256, 256]
[516975285217001472] - [56]
[926384243351887933, 694104740853841942, 776341613135790110, 144522382026080256, 754609746920734731, 717534223447359571, 418928569452986370, 916792066648997968, 1059506401774415904, 775715330186018846, 1086986336495489045, 815932104512110592, 1046086737295835236, 515648621669122157, 905371584397729852] - [538, 431, 377, 323, 269, 216, 162, 135, 135, 135, 135, 135, 135, 135, 135]
[750436037838503997] - [57]
[775715330186018846] - [162]
[516975285217001472] - [28]
[916792066648997968, 926384243351887933] - [48, 48]
[756592600630296628, 512246162628018177, 515648621669122157, 549307979896455170, 750436037838503997, 916792066648997968, 775715330186018846, 334777399298359296, 776341613135790110, 754609746920734731, 762353710931509268] - [1024, 820, 717, 615, 512, 410, 308, 256, 256, 256, 256]
[203200098426028032, 549307979896455170, 134695420520693760, 776341613135790110, 717534223447359571, 144522382026080256, 751377029697372220, 916792066648997968, 334777399298359296, 750436037838503997, 756592600630296628, 515648621669122157, 834493463688118323] - [532, 426, 373, 320, 266, 213, 160, 133, 133, 133, 133, 133, 133]
[852698131530514453, 1059506401774415904, 516975285217001472, 926384243351887933, 750436037838503997, 834493463688118323, 134695420520693760, 515648621669122157, 776341613135790110, 775715330186018846, 203200098426028032, 512246162628018177] - [456, 365, 320, 274, 228, 183, 137, 114, 114, 114, 114, 114]
[334777399298359296] - [130]
[232126809775407104, 134695420520693760, 490152758478110742, 852698131530514453, 756592600630296628, 515648621669122157, 834493463688118323, 750436037838503997, 144522382026080256, 926384243351887933, 776341613135790110] - [840, 672, 588, 504, 420, 336, 252, 210, 210, 210, 210]
[852698131530514453, 479306471482589186, 926384243351887933, 776341613135790110, 750436037838503997, 144522382026080256, 334777399298359296, 834493463688118323, 515648621669122157] - [600, 480, 420, 360, 300, 240, 180, 150, 150]
[347660230982631425] - [111]
[203200098426028032] - [117]
[144522382026080256, 347660230982631425, 479306471482589186, 515648621669122157, 490152758478110742, 203200098426028032, 283272555807244290] - [920, 736, 644, 552, 460, 368, 276]
[232126809775407104] - [48]
[694558806805577829] - [27]
[203200098426028032] - [116]
[203200098426028032] - [132]
[346714138849837056] - [33]
[203200098426028032] - [144]
[740683138727936031] - [1]
[232126809775407104, 490152758478110742, 283272555807244290, 270018062369947648, 776341613135790110] - [1002, 802, 702, 602, 501]
[921929230328156240] - [501]
[203200098426028032] - [121]
[203200098426028032] - [136]
[750436037838503997] - [30]
[896460809927004170, 203200098426028032, 750436037838503997, 402837633220214784, 479306471482589186, 874790977427112048, 776341613135790110, 334777399298359296, 515648621669122157] - [894, 716, 626, 537, 447, 358, 269, 224, 224]
[346714138849837056] - [32]
[750436037838503997, 203200098426028032, 475665526622781443, 334777399298359296, 516975285217001472, 776341613135790110, 896460809927004170, 490152758478110742, 479306471482589186] - [428, 343, 300, 257, 214, 172, 129, 107, 107]
[203200098426028032] - [125]
[515648621669122157, 750436037838503997, 144522382026080256, 516975285217001472, 776341613135790110] - [322, 258, 226, 194, 161]
[144522382026080256, 516975285217001472, 1059506401774415904, 919306831816429579, 270018062369947648, 750436037838503997, 515648621669122157] - [662, 530, 464, 398, 331, 265, 199]
[203200098426028032] - [51]
[346714138849837056] - [21]
[346714138849837056] - [11]
[346714138849837056] - [15]
[203200098426028032] - [60]
[203200098426028032] - [39]
[205367377506992128] - [19]
[418928569452986370, 852698131530514453] - [310, 248]
[515648621669122157] - [71]
[958359283697877053, 418928569452986370, 515648621669122157] - [258, 207, 181]
[754609746920734731, 334777399298359296, 926384243351887933] - [362, 290, 254]
[886995906946293843, 852698131530514453] - [100, 9]
[334777399298359296] - [108]
[270018062369947648] - [135]
[249572079521759232, 270018062369947648, 775715330186018846, 751377029697372220, 418928569452986370, 754609746920734731, 515648621669122157, 926384243351887933] - [856, 685, 600, 514, 428, 343, 257, 214]
[840896450325512222] - [80]
[775715330186018846] - [46]
[203200098426028032] - [125]
[270018062369947648, 418928569452986370, 516975285217001472, 232126809775407104] - [564, 452, 395, 339]
[840896450325512222] - [84]
[834493463688118323] - [91]
[270018062369947648] - [115]
[203200098426028032] - [92]
[516975285217001472] - [79]
[840896450325512222] - [168]
[840896450325512222] - [35]
[270018062369947648] - [103]
[776341613135790110, 965363295685074964, 834493463688118323, 515648621669122157] - [460, 368, 322, 276]
[852698131530514453, 516975285217001472, 203200098426028032, 515648621669122157, 834493463688118323] - [464, 372, 325, 279, 232]
[840896450325512222, 852698131530514453] - [184, 17]
[840896450325512222, 852698131530514453] - [73, 7]
[270018062369947648, 965363295685074964, 515648621669122157, 516975285217001472, 334777399298359296] - [504, 404, 353, 303, 252]
[840896450325512222, 852698131530514453] - [31, 3]
[840896450325512222, 852698131530514453] - [27, 3]
[840896450325512222, 852698131530514453] - [43, 4]
[203200098426028032, 852698131530514453, 490152758478110742, 776341613135790110, 334777399298359296, 270018062369947648, 515648621669122157] - [642, 514, 450, 386, 321, 257, 193]
[840896450325512222, 852698131530514453] - [157, 15]
[840896450325512222, 852698131530514453] - [141, 13]
[852698131530514453, 270018062369947648, 203200098426028032, 750436037838503997, 490152758478110742, 515648621669122157, 776341613135790110] - [926, 741, 649, 556, 463, 371, 278]
[840896450325512222, 852698131530514453] - [230, 21]
[144522382026080256, 852698131530514453, 926384243351887933, 347660230982631425, 310902071236886538, 203200098426028032, 270018062369947648, 490152758478110742, 515648621669122157] - [540, 432, 378, 324, 270, 216, 162, 135, 135]
[694558806805577829] - [70]
[852698131530514453, 515648621669122157] - [460, 368]
[840896450325512222, 852698131530514453] - [46, 5]
[840896450325512222, 852698131530514453] - [44, 4]
[270018062369947648] - [102]
[840896450325512222, 852698131530514453] - [26, 3]
[840896450325512222, 852698131530514453] - [95, 9]
[840896450325512222, 852698131530514453] - [170, 16]
[1059506401774415904] - [-50]
[515648621669122157, 740683138727936031, 232126809775407104, 270018062369947648, 347660230982631425] - [986, 789, 691, 592, 493]
[232126809775407104, 270018062369947648, 515648621669122157, 310902071236886538, 1054819014230159411, 270018062369947648, 1059506401774415904] - [486, 389, 341, 292, 268, 25, 195]
[762353710931509268, 515648621669122157, 270018062369947648, 974643034245439508, 840896450325512222, 852698131530514453, 1054819014230159411, 270018062369947648] - [597, 478, 418, 359, 329, 30, 263, 24]
[762353710931509268, 334777399298359296, 974643034245439508, 515648621669122157, 896460809927004170, 270018062369947648] - [910, 728, 637, 546, 455, 364]
[203200098426028032] - [96]
[203200098426028032] - [109]
[270018062369947648] - [364]
[1045082357511770205] - [22]
[1045082357511770205] - [30]
[270018062369947648] - [71]
[1045082357511770205] - [35]
[203200098426028032] - [46]
[203200098426028032] - [46]
[346714138849837056] - [39]
[346714138849837056] - [14]
[346714138849837056] - [28]
[346714138849837056] - [20]
[346714138849837056] - [29]
[336889370386890762] - [50]
[346714138849837056] - [36]
[336889370386890762] - [36]
[307839541442641930] - [85]
[776341613135790110] - [84]
[776341613135790110, 931238332342620180] - [27, 27]
[418928569452986370, 754609746920734731, 958359283697877053, 931238332342620180, 515648621669122157, 852698131530514453, 915465775437987860] - [374, 300, 262, 225, 187, 150, 113]
[418928569452986370, 776341613135790110, 1096343622259052617, 334777399298359296, 958359283697877053] - [638, 511, 447, 383, 319]
[840896450325512222, 852698131530514453] - [870, 79]
[776341613135790110] - [54]
[840896450325512222] - [-870]
[418928569452986370, 232126809775407104, 886995906946293843, 852698131530514453, 134695420520693760] - [824, 660, 635, 58, 495]
[418928569452986370, 762353710931509268, 776341613135790110, 886995906946293843, 852698131530514453, 515648621669122157, 334777399298359296] - [464, 372, 325, 307, 28, 232, 186]
[834493463688118323, 775715330186018846] - [47, 47]
[334777399298359296] - [59]
[418928569452986370, 762353710931509268, 958359283697877053, 334777399298359296, 717534223447359571, 834493463688118323] - [562, 450, 394, 338, 281, 225]
[203200098426028032] - [105]
[965363295685074964] - [132]
[334777399298359296] - [62]
[840896450325512222, 852698131530514453] - [111, 10]
[203200098426028032, 776341613135790110, 249572079521759232] - [45, 45, 45]
[334777399298359296, 270018062369947648, 916792066648997968, 915465775437987860, 840896450325512222, 852698131530514453, 759789922718187541] - [532, 426, 373, 320, 293, 27, 213]
[840896450325512222, 852698131530514453] - [75, 7]
[852698131530514453, 776341613135790110, 759789922718187541, 754609746920734731, 334777399298359296, 270018062369947648, 203200098426028032] - [948, 759, 664, 569, 474, 380, 285]
[754609746920734731, 916792066648997968, 418928569452986370, 270018062369947648, 717534223447359571, 334777399298359296, 515648621669122157, 852698131530514453, 776341613135790110] - [456, 365, 320, 274, 228, 183, 137, 114, 114]
[852698131530514453, 754609746920734731, 756592600630296628, 418928569452986370, 776341613135790110, 334777399298359296, 754609746920734731, 270018062369947648, 515648621669122157] - [1012, 810, 709, 608, 506, 405, 304, 253, 253]
[754609746920734731] - [-304]
[754609746920734731] - [96]
[852698131530514453, 759789922718187541, 738007521213808731, 270018062369947648, 203200098426028032, 363170866990678017, 840896450325512222, 852698131530514453, 515648621669122157, 334777399298359296, 754609746920734731, 815932104512110592, 762353710931509268] - [540, 432, 416, 38, 324, 270, 238, 22, 162, 135, 135, 135, 135]
[334777399298359296, 363170866990678017] - [70, 70]
[852698131530514453, 203200098426028032, 756592600630296628, 754609746920734731, 144522382026080256, 815932104512110592, 974643034245439508, 750436037838503997, 840896450325512222, 852698131530514453, 515648621669122157, 762353710931509268] - [504, 404, 353, 303, 252, 202, 152, 126, 139, 13, 126, 126]
[232126809775407104, 852698131530514453, 769268266719510584, 815932104512110592, 515648621669122157, 916792066648997968, 511953854099619853, 754609746920734731, 203200098426028032, 815932104512110592, 750436037838503997, 270018062369947648, 756592600630296628, 776341613135790110] - [482, 386, 338, 290, 241, 193, 145, 121, 121, 121, 121, 121, 121, 121]
[232126809775407104, 852698131530514453, 769268266719510584, 815932104512110592, 515648621669122157, 916792066648997968, 511953854099619853, 754609746920734731, 203200098426028032, 815932104512110592, 750436037838503997, 270018062369947648, 756592600630296628, 776341613135790110] - [482, 386, 338, 290, 241, 193, 145, 121, 121, 121, 121, 121, 121, 121]
[769268266719510584, 852698131530514453, 776341613135790110, 479306471482589186, 717534223447359571, 334777399298359296, 754609746920734731, 834493463688118323, 1047275052338528296, 815932104512110592, 750436037838503997, 756592600630296628, 840896450325512222, 852698131530514453, 203200098426028032, 270018062369947648, 515648621669122157] - [604, 484, 423, 363, 302, 242, 182, 151, 151, 151, 151, 151, 167, 16, 151, 151, 151]
[926384243351887933] - [130]
[363170866990678017] - [130]
[203200098426028032] - [157]
[769268266719510584] - [31]
[834493463688118323, 840896450325512222, 852698131530514453, 515648621669122157, 363170866990678017] - [34, 37, 4, 34, 34]
[769268266719510584] - [90]
[762353710931509268, 363170866990678017, 203200098426028032, 834493463688118323, 232126809775407104, 754609746920734731, 334777399298359296, 926384243351887933, 852698131530514453, 515648621669122157] - [1024, 820, 717, 615, 512, 410, 308, 256, 256, 256]
[515648621669122157] - [-13935]
[852698131530514453, 249572079521759232, 834493463688118323, 754609746920734731, 750436037838503997, 515648621669122157] - [486, 389, 341, 292, 243, 195]
[511953854099619853, 203200098426028032, 754609746920734731, 515648621669122157, 249572079521759232, 916792066648997968, 852698131530514453, 840896450325512222, 852698131530514453, 776341613135790110, 759789922718187541] - [574, 460, 402, 345, 287, 230, 173, 158, 15, 144, 144]
[249572079521759232] - [75]
[249572079521759232] - [96]
[762353710931509268, 740683138727936031, 249572079521759232, 916792066648997968, 754609746920734731, 776341613135790110, 974643034245439508, 515648621669122157, 759789922718187541] - [596, 477, 418, 358, 298, 239, 179, 149, 149]
[249572079521759232, 479306471482589186, 203200098426028032, 776341613135790110, 916792066648997968, 270018062369947648, 759789922718187541, 754609746920734731, 762353710931509268, 515648621669122157] - [1024, 820, 717, 615, 512, 410, 308, 256, 256, 256]
[249572079521759232, 346714138849837056, 334777399298359296, 916792066648997968, 946108238372429875, 515648621669122157, 270018062369947648, 776341613135790110, 134695420520693760, 479306471482589186, 762353710931509268] - [576, 461, 404, 346, 288, 231, 173, 144, 144, 144, 144]
[346714138849837056] - [72]
[915465775437987860, 270018062369947648, 658889775779938316, 776341613135790110, 916792066648997968, 363170866990678017, 946108238372429875, 829151981104398337, 249572079521759232, 511953854099619853, 515648621669122157] - [436, 349, 306, 262, 218, 175, 131, 109, 109, 109, 109]
[346714138849837056] - [41]
[346714138849837056] - [76]
[946108238372429875, 740683138727936031, 511953854099619853, 270018062369947648, 249572079521759232, 916792066648997968, 363170866990678017, 776341613135790110, 144522382026080256, 515648621669122157] - [486, 389, 341, 292, 243, 195, 146, 122, 122, 122]
[249572079521759232, 720974098989056010, 310902071236886538, 134695420520693760, 402837633220214784, 915465775437987860, 144522382026080256, 946108238372429875, 776341613135790110, 363170866990678017, 658889775779938316, 515648621669122157, 511953854099619853, 916792066648997968, 270018062369947648] - [996, 797, 698, 598, 498, 399, 299, 249, 249, 249, 249, 249, 249, 249, 249]
[310902071236886538, 946108238372429875, 363170866990678017, 957675709537599508, 144522382026080256, 515648621669122157] - [408, 327, 286, 245, 204, 164]
[346714138849837056] - [32]
[144522382026080256] - [50]
[515648621669122157, 203200098426028032, 946108238372429875, 334777399298359296, 283272555807244290, 516975285217001472, 776341613135790110, 310902071236886538] - [968, 775, 678, 581, 484, 388, 291, 242]
[1045082357511770205] - [28]
[946108238372429875, 310902071236886538, 134695420520693760, 515648621669122157, 776341613135790110, 511953854099619853, 974643034245439508] - [530, 424, 371, 318, 265, 212, 159]
[203200098426028032] - [50]
[346714138849837056] - [39]
[346714138849837056] - [36]
[346714138849837056] - [99]
[270018062369947648] - [69]
[346714138849837056] - [111]
[203200098426028032] - [84]
[203200098426028032] - [60]
[873593637626331157] - [39]
[336889370386890762] - [79]
[334777399298359296] - [41]
[479306471482589186] - [36]
[515648621669122157] - [912]
[336889370386890762] - [106]
[336889370386890762] - [80]
[852698131530514453, 974643034245439508, 334777399298359296, 776341613135790110, 515648621669122157, 418928569452986370] - [556, 445, 390, 334, 278, 223]
[270018062369947648] - [99]
[852698131530514453] - [96]
[515648621669122157, 974643034245439508, 203200098426028032, 418928569452986370, 270018062369947648, 852698131530514453] - [590, 472, 413, 354, 295, 236]
[852698131530514453, 418928569452986370, 974643034245439508, 965363295685074964, 203200098426028032, 270018062369947648, 776341613135790110, 515648621669122157] - [1010, 808, 707, 606, 505, 404, 303, 253]
[203200098426028032] - [162]
[840896450325512222, 852698131530514453] - [612, 56]
[336889370386890762] - [190]
[515648621669122157, 479306471482589186, 886995906946293843, 852698131530514453, 334777399298359296, 203200098426028032, 776341613135790110, 852698131530514453, 905371584397729852, 270018062369947648, 915465775437987860, 903167840494948392] - [1024, 820, 789, 72, 615, 512, 410, 308, 256, 256, 256, 256]
[840896450325512222, 852698131530514453] - [282, 26]
[840896450325512222] - [-612]
[852698131530514453] - [-56]
[852698131530514453, 915465775437987860, 479306471482589186, 965363295685074964, 903167840494948392, 270018062369947648, 886995906946293843, 852698131530514453, 203200098426028032, 974643034245439508, 762353710931509268, 515648621669122157] - [546, 437, 383, 328, 273, 219, 181, 17, 137, 137, 137, 137]
[873593637626331157] - [85]
[284761505361297409] - [76]
[203200098426028032, 1053102728601145384, 919306831816429579, 515648621669122157, 776341613135790110, 974643034245439508] - [600, 480, 420, 360, 300, 240]
[515648621669122157, 919306831816429579, 203200098426028032, 756592600630296628, 974643034245439508, 144522382026080256, 776341613135790110] - [966, 773, 677, 580, 483, 387, 290]
[919306831816429579] - [183]
[759859163282669578] - [183]
[363170866990678017] - [68]
[515648621669122157, 203200098426028032, 756592600630296628, 334777399298359296, 776341613135790110, 919306831816429579] - [576, 461, 404, 346, 288, 231]
[919306831816429579, 334777399298359296, 776341613135790110, 756592600630296628, 203200098426028032, 762353710931509268, 769268266719510584, 515648621669122157] - [1024, 820, 717, 615, 512, 410, 308, 256]
[515648621669122157, 203200098426028032, 232126809775407104, 756592600630296628, 776341613135790110, 769268266719510584, 919306831816429579] - [546, 437, 383, 328, 273, 219, 164]
[840896450325512222, 852698131530514453] - [590, 54]
[516975285217001472] - [73]
[840896450325512222, 852698131530514453] - [136, 13]
[840896450325512222] - [-590]
[515648621669122157, 310902071236886538, 957675709537599508, 144522382026080256, 974643034245439508, 740683138727936031] - [354, 284, 248, 213, 177, 142]
[270018062369947648] - [142]
[896460809927004170, 740683138727936031, 270018062369947648, 957675709537599508, 310902071236886538, 751377029697372220, 515648621669122157, 144522382026080256] - [490, 392, 343, 294, 245, 196, 147, 123]
[896460809927004170] - [142]
[957675709537599508] - [14]
[957675709537599508] - [35]
[515648621669122157, 974643034245439508, 203200098426028032, 896460809927004170, 310902071236886538, 740683138727936031] - [290, 232, 203, 174, 145, 116]
[511953854099619853, 310902071236886538, 270018062369947648, 896460809927004170, 515648621669122157] - [354, 284, 248, 213, 177]
[896460809927004170, 762353710931509268, 310902071236886538, 203200098426028032, 515648621669122157] - [248, 199, 174, 149, 124]
[203200098426028032, 957675709537599508] - [31, 31]
[270018062369947648, 957675709537599508] - [226, 181]
[203200098426028032, 204618838417997833] - [29, 29]
[203200098426028032, 204618838417997833] - [30, 30]
[775715330186018846, 957675709537599508] - [24, 24]
[957675709537599508] - [25]
[775715330186018846] - [13]
[203200098426028032] - [31]
[717534223447359571] - [81]
[886995906946293843] - [8]
[886995906946293843] - [10]
[334777399298359296] - [93]
[336889370386890762] - [45]
[336889370386890762] - [132]
[840896450325512222, 852698131530514453] - [408, 37]
[336889370386890762] - [91]
[336889370386890762] - [104]
[840896450325512222, 852698131530514453] - [388, 36]
[840896450325512222, 852698131530514453] - [1032, 94]
[909199860450877500, 762353710931509268] - [37, 4]
[515648621669122157, 418928569452986370, 336889370386890762, 1054819014230159411, 270018062369947648, 840896450325512222, 852698131530514453] - [938, 751, 657, 620, 57, 516, 47]
[840896450325512222] - [-928]
[336889370386890762] - [352]
[418928569452986370, 336889370386890762, 886995906946293843, 1054819014230159411, 270018062369947648, 515648621669122157] - [436, 349, 306, 288, 27, 218]
[776341613135790110] - [65]
[776341613135790110, 434268326299172864] - [65, 65]
[515648621669122157, 717534223447359571, 232126809775407104, 418928569452986370, 334777399298359296] - [684, 548, 479, 411, 342]
[762353710931509268, 776341613135790110, 336889370386890762, 334777399298359296, 515648621669122157, 418928569452986370] - [512, 410, 359, 308, 256, 205]
[515648621669122157, 776341613135790110, 852698131530514453, 418928569452986370, 751377029697372220, 270018062369947648] - [434, 348, 304, 261, 217, 174]
[511953854099619853, 418928569452986370, 886995906946293843, 776341613135790110, 751377029697372220, 270018062369947648, 515648621669122157] - [774, 620, 542, 465, 387, 310, 233]
[270018062369947648, 515648621669122157, 886995906946293843] - [39, 39, 39]
[203200098426028032, 270018062369947648] - [60, 60]
[515648621669122157, 270018062369947648, 886995906946293843] - [56, 56, 56]
[515648621669122157, 776341613135790110, 886995906946293843, 270018062369947648, 1053102728601145384, 203200098426028032, 434268326299172864, 1069845068292300800] - [592, 474, 415, 356, 296, 237, 178, 148]
[957675709537599508] - [73]
[1053102728601145384, 334777399298359296, 203200098426028032, 1069845068292300800, 515648621669122157, 751377029697372220, 270018062369947648, 776341613135790110] - [946, 757, 663, 568, 473, 379, 284, 237]
[886995906946293843] - [237]
[270018062369947648] - [149]
[270018062369947648] - [235]
[694104740853841942, 203200098426028032, 270018062369947648, 916792066648997968, 958359283697877053, 751377029697372220, 334777399298359296, 776341613135790110, 717534223447359571, 515648621669122157] - [540, 432, 378, 324, 270, 216, 162, 135, 135, 135]
[270018062369947648] - [44]
[958359283697877053, 717534223447359571, 203200098426028032, 776341613135790110, 270018062369947648, 915465775437987860, 916792066648997968, 694104740853841942, 334777399298359296, 515648621669122157] - [1024, 820, 717, 615, 512, 410, 308, 256, 256, 256]
[886995906946293843] - [119]
[515648621669122157, 916792066648997968, 203200098426028032, 775715330186018846, 717534223447359571, 334777399298359296, 974643034245439508, 776341613135790110, 915465775437987860] - [532, 426, 373, 320, 266, 213, 160, 133, 133]
[916792066648997968] - [151]
[515648621669122157, 717534223447359571, 334777399298359296, 886995906946293843, 203200098426028032, 916792066648997968, 1053102728601145384, 974643034245439508, 776341613135790110] - [496, 397, 348, 298, 248, 199, 149, 124, 124]
[334777399298359296, 776341613135790110, 717534223447359571, 203200098426028032, 916792066648997968, 549307979896455170, 751377029697372220, 886995906946293843, 134695420520693760, 515648621669122157] - [1022, 818, 716, 614, 511, 409, 307, 256, 256, 256]
[334777399298359296, 775715330186018846, 515648621669122157] - [56, 56, 56]
[750436037838503997] - [38]
[203200098426028032] - [132]
[736876320449101864] - [49]
[736876320449101864] - [49]
[515648621669122157] - [1]
[515648621669122157] - [1]
[203200098426028032] - [132]
[515648621669122157, 733189311276515400, 155101553043308544, 775715330186018846, 750436037838503997, 916792066648997968, 974643034245439508] - [488, 391, 342, 293, 244, 196, 147]
[736876320449101864] - [49]
[762353710931509268, 515648621669122157] - [618, 495]
[762353710931509268] - [1]
[736876320449101864, 852698131530514453] - [136, 13]
[1080672429262770198, 852698131530514453] - [143, 13]
[852698131530514453, 475665526622781443, 926384243351887933, 1069845068292300800, 919306831816429579, 295160197272305665, 957675709537599508, 756592600630296628, 334777399298359296, 916792066648997968, 515648621669122157, 915465775437987860] - [548, 439, 384, 329, 274, 220, 165, 137, 137, 137, 137, 137]
[762353710931509268] - [1]
