[203200098426028032] - [88]
[334777399298359296, 926384243351887933, 138752093308583936, 1069845068292300800] - [256, 205, 180, 154]
[203200098426028032] - [53]
[203200098426028032] - [129]
[926384243351887933] - [112]
[821387001948405760] - [81]
[1069845068292300800, 712357698825617409, 515648621669122157, 754609746920734731, 944967707516866581, 490152758478110742, 249572079521759232, 759789922718187541, 144855224119590913, 762353710931509268, 1046086737295835236] - [396, 317, 278, 238, 198, 159, 119, 99, 99, 99, 99]
[926384243351887933] - [88]
[1046086737295835236, 759789922718187541, 490152758478110742, 203200098426028032, 831175038006722571, 1053102728601145384, 1069845068292300800, 754609746920734731, 762353710931509268, 249572079521759232, 515648621669122157] - [836, 669, 586, 502, 418, 335, 251, 209, 209, 209, 209]
[249572079521759232, 1046086737295835236, 490152758478110742, 1053102728601145384, 336889370386890762, 1069845068292300800, 831175038006722571, 754609746920734731, 762353710931509268, 515648621669122157] - [414, 332, 290, 249, 207, 166, 125, 104, 104, 104]
[831175038006722571] - [94]
[754609746920734731] - [94]
[1053102728601145384, 717534223447359571, 1069845068292300800, 249572079521759232, 434268326299172864, 144855224119590913, 750436037838503997, 754609746920734731, 515648621669122157, 490152758478110742] - [398, 319, 279, 239, 199, 160, 120, 100, 100, 100]
[336889370386890762] - [100]
[203200098426028032] - [49]
[284761505361297409] - [53]
[336889370386890762, 1053102728601145384, 860886366309449769, 490152758478110742, 750436037838503997, 249572079521759232, 1069845068292300800, 717534223447359571, 144855224119590913, 515648621669122157] - [828, 663, 580, 497, 414, 332, 249, 207, 207, 207]
[926384243351887933] - [601]
[860886366309449769] - [70]
[926384243351887933, 860886366309449769, 1069845068292300800, 750436037838503997, 1053102728601145384, 249572079521759232, 336889370386890762, 203200098426028032, 515648621669122157, 418928569452986370] - [524, 420, 367, 315, 262, 210, 158, 131, 131, 131]
[733189311276515400, 750436037838503997, 926384243351887933, 490152758478110742, 1069845068292300800, 582209481232875523, 759789922718187541, 203200098426028032, 515648621669122157] - [322, 258, 226, 194, 161, 129, 97, 81, 81]
[284761505361297409] - [39]
[336889370386890762] - [81]
[490152758478110742, 926384243351887933, 1069845068292300800, 203200098426028032, 759789922718187541, 750436037838503997, 733189311276515400, 515648621669122157] - [836, 669, 586, 502, 418, 335, 251, 209]
[203200098426028032, 490152758478110742, 750436037838503997, 874790977427112048, 759789922718187541] - [436, 349, 306, 262, 218]
[926384243351887933] - [320]
[750436037838503997, 270018062369947648] - [17, 17]
[284761505361297409] - [2]
[284761505361297409] - [18]
[1053102728601145384, 750436037838503997, 754609746920734731, 490152758478110742, 898933311576084551] - [376, 301, 264, 226, 188]
[898933311576084551] - [82]
[1069845068292300800] - [188]
[1053102728601145384, 898933311576084551, 490152758478110742, 1069845068292300800, 418928569452986370, 754609746920734731, 203200098426028032, 717534223447359571, 750436037838503997] - [774, 620, 542, 465, 387, 310, 233, 194, 194]
[284761505361297409] - [54]
[831175038006722571] - [30]
[717534223447359571, 750436037838503997, 754609746920734731, 203200098426028032, 1053102728601145384, 490152758478110742, 1069845068292300800] - [526, 421, 369, 316, 263, 211, 158]
[490152758478110742] - [112]
[750436037838503997, 754609746920734731, 733189311276515400, 490152758478110742, 759789922718187541, 418928569452986370, 1069845068292300800, 515648621669122157, 898933311576084551] - [996, 797, 698, 598, 498, 399, 299, 249, 249]
[898933311576084551] - [95]
[880842572518547516] - [118]
[336889370386890762, 733189311276515400, 750436037838503997, 898933311576084551, 717534223447359571, 490152758478110742, 867797512717729842, 754609746920734731, 418928569452986370, 270018062369947648, 1069845068292300800] - [456, 365, 320, 274, 228, 183, 137, 114, 114, 114, 114]
[1069845068292300800, 510486573566132226, 334777399298359296, 801719340650725386, 880842572518547516, 490152758478110742, 336889370386890762, 754609746920734731, 144855224119590913] - [524, 420, 367, 315, 262, 210, 158, 131, 131]
[515648621669122157] - [1]
[754609746920734731, 490152758478110742, 717534223447359571, 898933311576084551, 515648621669122157, 762353710931509268, 336889370386890762, 1069845068292300800, 334777399298359296] - [1024, 820, 717, 615, 512, 410, 308, 256, 256]
[510486573566132226, 880842572518547516] - [83, 83]
[345560793594462228] - [150]
[515648621669122157, 898933311576084551, 523182273399619592, 801719340650725386, 754609746920734731, 1069845068292300800, 957675709537599508, 490152758478110742, 751377029697372220] - [404, 324, 283, 243, 202, 162, 122, 101, 101]
[694558806805577829] - [45]
[237394793674571778] - [109]
[762353710931509268, 511953854099619853, 1069845068292300800, 347660230982631425, 867797512717729842, 754609746920734731, 510486573566132226, 490152758478110742, 957675709537599508, 736876320449101864, 515648621669122157] - [880, 704, 616, 528, 440, 352, 264, 220, 220, 220, 220]
[334777399298359296, 762353710931509268, 754609746920734731, 490152758478110742, 776341613135790110, 515648621669122157, 957675709537599508, 1036909624537927680, 1069845068292300800, 736876320449101864, 759789922718187541] - [406, 325, 285, 244, 203, 163, 122, 102, 102, 102, 102]
[1036909624537927680, 334777399298359296, 1069845068292300800, 736876320449101864, 754609746920734731, 515648621669122157, 957675709537599508, 490152758478110742, 762353710931509268, 759789922718187541] - [846, 677, 593, 508, 423, 339, 254, 212, 212, 212]
[852698131530514453, 1069845068292300800, 957675709537599508, 944967707516866581, 762353710931509268, 754609746920734731, 490152758478110742, 1036909624537927680, 515648621669122157] - [510, 408, 357, 306, 255, 204, 153, 128, 128]
[490152758478110742, 773036704370130946, 754609746920734731, 776341613135790110, 515648621669122157] - [472, 378, 331, 284, 236]
[694558806805577829] - [99]
[144522382026080256, 736958817941586013, 510486573566132226, 776341613135790110, 144855224119590913, 944967707516866581, 490152758478110742, 515648621669122157] - [948, 759, 664, 569, 474, 380, 285, 237]
[515648621669122157, 510486573566132226, 944967707516866581, 776341613135790110, 490152758478110742, 450199636750368768] - [594, 476, 416, 357, 297, 238]
[450199636750368768] - [37]
[270018062369947648] - [113]
[270018062369947648] - [126]
[270018062369947648] - [53]
[270018062369947648] - [146]
[510486573566132226] - [1]
[750436037838503997] - [29]
[270018062369947648] - [62]
[852698131530514453, 270018062369947648, 510486573566132226, 1036909624537927680, 347660230982631425, 776341613135790110, 144855224119590913, 490152758478110742, 515648621669122157] - [890, 712, 623, 534, 445, 356, 267, 223, 223]
[346714138849837056] - [33]
[346714138849837056] - [33]
[852698131530514453, 1054148885070762054, 490152758478110742, 510486573566132226, 712357698825617409, 776341613135790110, 347660230982631425, 515648621669122157] - [1440, 1152, 1008, 864, 720, 576, 432, 360]
[346714138849837056] - [33]
[852698131530514453, 1036909624537927680, 510486573566132226, 776341613135790110, 347660230982631425, 1054148885070762054, 270018062369947648, 694287886207549480, 1053102728601145384, 515648621669122157] - [780, 624, 546, 468, 390, 312, 234, 195, 195, 195]
[759789922718187541, 1054148885070762054, 510486573566132226, 776341613135790110, 144522382026080256, 750436037838503997, 1036909624537927680, 694287886207549480, 1053102728601145384, 515648621669122157] - [452, 362, 317, 272, 226, 181, 136, 113, 113, 113]
[1053102728601145384, 1036909624537927680, 738007521213808731, 270018062369947648, 347660230982631425, 776341613135790110, 852698131530514453, 490152758478110742, 515648621669122157, 270018062369947648] - [568, 455, 438, 40, 341, 284, 228, 171, 142, 142]
[852698131530514453, 776341613135790110, 1053102728601145384, 334777399298359296, 1046086737295835236, 203200098426028032, 270018062369947648, 515648621669122157] - [348, 279, 244, 209, 174, 140, 105, 87]
[270018062369947648] - [83]
[270018062369947648] - [33]
[346714138849837056] - [51]
[270018062369947648] - [66]
[852698131530514453, 334777399298359296, 203200098426028032, 759789922718187541, 898933311576084551, 776341613135790110, 1053102728601145384, 347660230982631425, 511953854099619853, 515648621669122157] - [518, 415, 363, 311, 259, 208, 156, 130, 130, 130]
[203200098426028032, 898933311576084551, 270018062369947648, 515648621669122157, 334777399298359296, 852698131530514453, 1053102728601145384, 776341613135790110] - [318, 255, 223, 191, 159, 128, 96, 80]
[775715330186018846] - [21]
[775715330186018846] - [28]
[346714138849837056] - [41]
[346714138849837056] - [13]
[346714138849837056] - [78]
[346714138849837056] - [18]
[203200098426028032] - [19]
[203200098426028032] - [40]
[511953854099619853, 418928569452986370, 203200098426028032, 515648621669122157] - [412, 330, 289, 248]
[270018062369947648] - [412]
[801719340650725386] - [14]
[801719340650725386] - [11]
[717534223447359571, 336889370386890762, 490152758478110742] - [308, 247, 216]
[203200098426028032] - [61]
[203200098426028032] - [35]
[1069845068292300800] - [45]
[203200098426028032] - [47]
[1069845068292300800] - [58]
[886995906946293843] - [31]
[852698131530514453] - [77]
[916792066648997968] - [134]
[334777399298359296] - [85]
[694558806805577829] - [20]
[852698131530514453] - [144]
[203200098426028032] - [113]
[510020026838024192] - [210]
[334777399298359296] - [51]
[203200098426028032] - [60]
[510020026838024192] - [34]
[944967707516866581] - [26]
[1069845068292300800, 144855224119590913, 754609746920734731, 515648621669122157] - [824, 660, 577, 495]
[915465775437987860] - [495]
[801719340650725386] - [29]
[754609746920734731, 490152758478110742, 336889370386890762, 515648621669122157, 144855224119590913, 1069845068292300800] - [394, 316, 276, 237, 197, 158]
[944967707516866581] - [20]
[203200098426028032] - [108]
[1069845068292300800, 754609746920734731, 490152758478110742, 515648621669122157] - [318, 255, 223, 191]
[510020026838024192] - [26]
[203200098426028032] - [100]
[490152758478110742, 336889370386890762] - [518, 415]
[510020026838024192] - [48]
[1069845068292300800] - [415]
[203200098426028032] - [109]
[801719340650725386] - [32]
[203200098426028032, 1069845068292300800, 144855224119590913, 776341613135790110, 515648621669122157] - [858, 687, 601, 515, 429]
[490152758478110742] - [429]
[270018062369947648] - [155]
[490152758478110742, 515648621669122157, 144855224119590913] - [502, 402, 352]
[717534223447359571] - [402]
[1069845068292300800, 270018062369947648] - [47, 47]
[270018062369947648] - [122]
[490152758478110742] - [104]
[270018062369947648] - [104]
[310902071236886538, 490152758478110742, 512246162628018177, 1069845068292300800, 336889370386890762, 515648621669122157, 270018062369947648, 754609746920734731, 144855224119590913] - [804, 644, 563, 483, 402, 322, 242, 201, 201]
[944967707516866581] - [33]
[310902071236886538, 490152758478110742, 717534223447359571, 754609746920734731, 1069845068292300800] - [486, 389, 341, 292, 243]
[944967707516866581] - [65]
[1097928512821792938] - [9301]
[515648621669122157] - [-2324]
[944967707516866581] - [52]
[944967707516866581] - [47]
[886995906946293843] - [91]
[1069845068292300800, 965363295685074964, 926384243351887933, 717534223447359571, 144855224119590913, 515648621669122157, 490152758478110742] - [962, 770, 674, 578, 481, 385, 289]
[1069845068292300800, 965363295685074964, 926384243351887933, 717534223447359571, 144855224119590913, 515648621669122157, 490152758478110742] - [1, 1, 1, 1, 1, 1, 1]
[203200098426028032] - [110]
[490152758478110742, 1069845068292300800, 944967707516866581, 336889370386890762, 717534223447359571, 754609746920734731, 144855224119590913, 515648621669122157] - [422, 338, 296, 254, 211, 169, 127, 106]
[336889370386890762] - [481]
[1069845068292300800, 944967707516866581, 490152758478110742, 515648621669122157] - [31, 31, 31, 31]
[336889370386890762, 270018062369947648, 1069845068292300800, 754609746920734731, 515648621669122157, 490152758478110742, 144855224119590913] - [454, 364, 318, 273, 227, 182, 137]
[270018062369947648, 144855224119590913, 336889370386890762, 490152758478110742, 1069845068292300800, 515648621669122157, 915465775437987860, 754609746920734731] - [1024, 820, 717, 615, 512, 410, 308, 256]
[762353710931509268] - [1]
[203200098426028032, 490152758478110742, 489444476834807810, 336889370386890762, 334777399298359296, 144855224119590913, 754609746920734731, 958359283697877053, 1069845068292300800, 515648621669122157] - [490, 392, 343, 294, 245, 196, 147, 123, 123, 123]
[515648621669122157, 490152758478110742] - [69, 69]
[717534223447359571] - [179]
[203200098426028032, 1069845068292300800, 334777399298359296, 958359283697877053, 801719340650725386, 754609746920734731, 944967707516866581, 490152758478110742, 515648621669122157] - [438, 351, 307, 263, 219, 176, 132, 110, 110]
[336889370386890762] - [110]
[515648621669122157, 490152758478110742, 310902071236886538, 717534223447359571, 944967707516866581, 801719340650725386, 418928569452986370, 1069845068292300800, 144855224119590913, 334777399298359296, 754609746920734731, 965363295685074964] - [1024, 820, 717, 615, 512, 410, 308, 256, 256, 256, 256, 256]
[336889370386890762] - [410]
[1064265284040540181] - [10]
[1064265284040540181] - [10]
[762353710931509268] - [1]
[762353710931509268] - [1]
[490152758478110742, 1069845068292300800, 270018062369947648, 965363295685074964, 336889370386890762, 334777399298359296, 144855224119590913, 515648621669122157] - [674, 540, 472, 405, 337, 270, 203, 169]
[518075061123416065] - [69]
[518075061123416065] - [93]
[944967707516866581] - [19]
[944967707516866581] - [34]
[1053102728601145384, 754609746920734731, 898933311576084551, 905406492239364117, 144855224119590913, 1036909624537927680, 249572079521759232, 750460415280021636, 490152758478110742, 944967707516866581, 347660230982631425, 750436037838503997, 756592600630296628, 776341613135790110, 720974098989056010, 515648621669122157, 762353710931509268, 144522382026080256] - [1024, 820, 717, 615, 512, 410, 308, 256, 256, 256, 256, 256, 256, 256, 256, 256, 256, 256]
[762353710931509268, 270018062369947648, 750436037838503997, 720974098989056010, 944967707516866581, 776341613135790110, 898933311576084551, 347660230982631425, 334777399298359296, 249572079521759232, 754609746920734731, 144855224119590913, 1036909624537927680, 1053102728601145384, 756592600630296628, 490152758478110742, 144522382026080256, 515648621669122157] - [556, 445, 390, 334, 278, 223, 167, 139, 139, 139, 139, 139, 139, 139, 139, 139, 139, 139]
[1053102728601145384] - [141]
[750436037838503997, 434268326299172864, 754609746920734731, 515648621669122157, 1053102728601145384, 249572079521759232, 776341613135790110, 144855224119590913, 736876320449101864, 720974098989056010, 762353710931509268] - [656, 525, 460, 394, 328, 263, 197, 164, 164, 164, 164]
[694558806805577829] - [87]
[1053102728601145384, 270018062369947648, 776341613135790110, 249572079521759232, 756592600630296628, 736876320449101864, 751500337155801189, 1036909624537927680, 144855224119590913, 515648621669122157, 762353710931509268, 750436037838503997] - [502, 402, 352, 302, 251, 201, 151, 126, 126, 126, 126, 126]
[450199636750368768] - [154]
[1053102728601145384, 512246162628018177, 1036909624537927680, 756592600630296628, 334777399298359296, 144855224119590913, 515648621669122157, 736876320449101864] - [410, 328, 287, 246, 205, 164, 123, 103]
[249572079521759232, 1036909624537927680, 347660230982631425, 512246162628018177, 756592600630296628, 490152758478110742, 334777399298359296, 270018062369947648, 1053102728601145384, 515648621669122157] - [1024, 820, 717, 615, 512, 410, 308, 256, 256, 256]
[346714138849837056] - [78]
[756592600630296628, 334777399298359296, 270018062369947648, 1053102728601145384, 776341613135790110, 249572079521759232, 144855224119590913, 515648621669122157] - [532, 426, 373, 320, 266, 213, 160, 133]
[346714138849837056] - [94]
[346714138849837056] - [28]
[510486573566132226] - [92]
[510486573566132226] - [63]
[346714138849837056] - [166]
[510486573566132226] - [49]
[510486573566132226] - [38]
[346714138849837056] - [35]
[905406492239364117, 511953854099619853, 510486573566132226, 334777399298359296, 965363295685074964, 1046086737295835236, 515648621669122157] - [622, 498, 436, 374, 311, 249, 187]
[734589877068365825] - [249]
[750436037838503997] - [21]
[751500337155801189] - [70]
[510486573566132226] - [75]
[346714138849837056] - [19]
[896460809927004170, 734589877068365825, 511953854099619853, 776341613135790110, 515648621669122157] - [262, 210, 184, 158, 131]
[1053102728601145384, 515648621669122157] - [250, 200]
[203200098426028032] - [81]
[898933311576084551] - [300]
[898933311576084551, 1069845068292300800] - [148, 119]
[898933311576084551, 1069845068292300800] - [362, 290]
[898933311576084551] - [15]
[880842572518547516] - [69]
[852698131530514453] - [66]
[886995906946293843] - [45]
[762353710931509268, 1069845068292300800, 898933311576084551, 754609746920734731, 515648621669122157] - [718, 575, 503, 431, 359]
[203200098426028032] - [97]
[490152758478110742] - [116]
[203200098426028032] - [59]
[944967707516866581] - [36]
[203200098426028032, 754609746920734731, 750436037838503997, 1053102728601145384, 1069845068292300800, 759789922718187541, 418928569452986370, 334777399298359296, 776341613135790110, 852698131530514453, 515648621669122157, 762353710931509268, 270018062369947648] - [518, 415, 363, 311, 259, 208, 156, 130, 130, 130, 130, 130, 130]
[750436037838503997] - [67]
[270018062369947648] - [135]
[944967707516866581] - [31]
[203200098426028032, 776341613135790110, 750436037838503997] - [34, 34, 34]
[750436037838503997] - [126]
[270018062369947648] - [118]
[762353710931509268, 694104740853841942, 898933311576084551, 334777399298359296, 717534223447359571, 754609746920734731, 450199636750368768, 776341613135790110, 750436037838503997, 203200098426028032, 270018062369947648, 515648621669122157] - [590, 472, 413, 354, 295, 236, 177, 148, 148, 148, 148, 148]
[944967707516866581] - [49]
[270018062369947648, 898933311576084551, 418928569452986370, 750436037838503997, 717534223447359571, 1086986336495489045, 754609746920734731, 762353710931509268, 310902071236886538, 694104740853841942, 515648621669122157, 203200098426028032, 1069845068292300800, 450199636750368768, 334777399298359296] - [962, 770, 674, 578, 481, 385, 289, 241, 241, 241, 241, 241, 241, 241, 241]
[270018062369947648, 336889370386890762, 776341613135790110, 750436037838503997, 511953854099619853, 418928569452986370, 935968620096393267, 754609746920734731, 717534223447359571, 694104740853841942, 1086986336495489045, 944967707516866581, 762353710931509268, 203200098426028032, 515648621669122157] - [470, 376, 329, 282, 235, 188, 141, 118, 118, 118, 118, 118, 118, 118, 118]
[511953854099619853] - [59]
[944967707516866581] - [59]
[270018062369947648] - [111]
[1086986336495489045, 694104740853841942] - [64, 64]
[490152758478110742] - [118]
[775715330186018846] - [50]
[694104740853841942, 511953854099619853, 750436037838503997, 775715330186018846, 1069845068292300800, 203200098426028032, 270018062369947648, 336889370386890762, 754609746920734731, 717534223447359571, 490152758478110742, 776341613135790110, 515648621669122157] - [532, 426, 373, 320, 266, 213, 160, 133, 133, 133, 133, 133, 133]
[717534223447359571] - [124]
[944967707516866581] - [35]
[270018062369947648, 775715330186018846, 750436037838503997, 203200098426028032, 1069845068292300800, 776341613135790110, 479306471482589186, 694104740853841942, 1086986336495489045, 905371584397729852, 754609746920734731, 490152758478110742] - [1024, 820, 717, 615, 512, 410, 308, 256, 256, 256, 256, 256]
[775715330186018846] - [124]
[270018062369947648, 754609746920734731, 717534223447359571, 336889370386890762, 203200098426028032, 1069845068292300800, 334777399298359296, 898933311576084551, 775715330186018846, 310902071236886538, 515648621669122157, 776341613135790110, 563210984072675330, 490152758478110742, 750436037838503997] - [498, 399, 349, 299, 249, 200, 150, 125, 125, 125, 125, 125, 125, 125, 125]
[284761505361297409] - [63]
[203200098426028032, 775715330186018846, 563210984072675330, 270018062369947648, 717534223447359571, 515648621669122157] - [35, 35, 38, 4, 35, 35]
[270018062369947648] - [143]
[563210984072675330, 270018062369947648, 775715330186018846, 515648621669122157] - [41, 4, 37, 37]
[203200098426028032, 1053102728601145384, 754609746920734731, 490152758478110742, 1069845068292300800, 563210984072675330, 270018062369947648, 717534223447359571, 776341613135790110, 144855224119590913, 336889370386890762, 515648621669122157] - [424, 340, 297, 255, 212, 187, 17, 128, 106, 106, 106, 106]
[270018062369947648] - [106]
[203200098426028032, 450199636750368768, 1069845068292300800, 511953854099619853, 334777399298359296, 336889370386890762, 754609746920734731, 905371584397729852, 1053102728601145384, 490152758478110742, 144855224119590913, 270018062369947648] - [996, 797, 698, 598, 498, 399, 299, 249, 249, 249, 249, 249]
[] - []
[1069845068292300800] - [66]
[1069845068292300800, 1053102728601145384, 490152758478110742, 563210984072675330, 270018062369947648, 144855224119590913, 336889370386890762, 515648621669122157, 203200098426028032, 754609746920734731] - [586, 469, 411, 387, 36, 293, 235, 176, 147, 147]
[203200098426028032, 957675709537599508] - [58, 58]
[511953854099619853, 1046086737295835236, 926384243351887933, 965363295685074964, 776341613135790110, 957675709537599508, 334777399298359296, 270018062369947648, 336889370386890762, 794916193916026900, 144855224119590913, 515648621669122157] - [442, 354, 310, 266, 221, 177, 133, 111, 111, 111, 111, 111]
[1069845068292300800] - [111]
[511953854099619853, 776341613135790110, 203200098426028032, 475665526622781443, 144522382026080256, 490152758478110742, 336889370386890762, 515648621669122157, 450199636750368768, 965363295685074964, 898933311576084551] - [860, 688, 602, 516, 430, 344, 258, 215, 215, 215, 215]
[704167934842634310] - [66]
[515648621669122157, 490152758478110742, 336889370386890762, 754609746920734731, 859944741268094986, 475665526622781443, 776341613135790110, 898933311576084551, 1069845068292300800, 203200098426028032, 144855224119590913, 511953854099619853] - [434, 348, 304, 261, 217, 174, 131, 109, 109, 109, 109, 109]
[284761505361297409] - [39]
[334777399298359296] - [58]
[1053102728601145384, 310902071236886538, 898933311576084551, 754609746920734731, 203200098426028032, 515648621669122157] - [424, 340, 297, 255, 212, 170]
[898933311576084551, 310902071236886538, 490152758478110742, 515648621669122157, 754609746920734731] - [888, 711, 622, 533, 444]
[1053102728601145384, 490152758478110742, 144522382026080256, 450199636750368768, 400679027062603776, 515648621669122157, 736876320449101864, 144855224119590913] - [550, 440, 385, 330, 275, 220, 165, 138]
[762353710931509268, 1053102728601145384, 511953854099619853, 736876320449101864, 144855224119590913, 450199636750368768, 776341613135790110, 490152758478110742, 515648621669122157, 119938384423682053, 334777399298359296] - [582, 466, 408, 350, 291, 233, 175, 146, 146, 146, 146]
[510020026838024192] - [74]
[704167934842634310] - [75]
[510486573566132226] - [116]
[510486573566132226] - [127]
[921929230328156240] - [65]
[694558806805577829] - [47]
[270018062369947648] - [94]
[946108238372429875, 270018062369947648, 511953854099619853, 1053102728601145384, 144855224119590913, 144522382026080256, 776341613135790110, 490152758478110742, 515648621669122157, 852698131530514453] - [614, 492, 430, 369, 307, 246, 185, 154, 154, 154]
[704167934842634310] - [43]
[511953854099619853] - [120]
[1053102728601145384, 946108238372429875, 490152758478110742, 704167934842634310, 852698131530514453, 270018062369947648, 776341613135790110, 515648621669122157, 144855224119590913, 144522382026080256, 957675709537599508, 919306831816429579] - [382, 306, 268, 230, 191, 153, 115, 96, 96, 96, 96, 96]
[310902071236886538, 957675709537599508, 270018062369947648, 965363295685074964, 919306831816429579] - [212, 170, 149, 128, 106]
[270018062369947648] - [47]
[334777399298359296, 270018062369947648] - [37, 37]
[270018062369947648] - [53]
[270018062369947648] - [63]
[270018062369947648] - [43]
[270018062369947648] - [36]
[898933311576084551] - [22]
[898933311576084551] - [18]
[898933311576084551] - [33]
[898933311576084551] - [39]
[957675709537599508] - [29]
[957675709537599508] - [27]
[957675709537599508] - [13]
[898933311576084551] - [33]
[1069845068292300800, 898933311576084551] - [58, 58]
[203200098426028032] - [113]
[515648621669122157, 852698131530514453] - [14, 14]
[515648621669122157] - [26]
[791632431265480724] - [80]
[284761505361297409] - [23]
[694558806805577829] - [26]
[754609746920734731, 418928569452986370] - [330, 264]
[886995906946293843] - [89]
[270018062369947648, 834493463688118323, 334777399298359296, 1053102728601145384, 919306831816429579, 762353710931509268, 515648621669122157, 776341613135790110, 712357698825617409] - [384, 308, 269, 231, 192, 154, 116, 96, 96]
[694558806805577829] - [53]
[762353710931509268, 965363295685074964, 563210984072675330, 270018062369947648, 834493463688118323, 334777399298359296, 919306831816429579, 754609746920734731, 270018062369947648, 852698131530514453, 515648621669122157] - [298, 239, 230, 21, 179, 149, 120, 90, 75, 75, 75]
[450199636750368768] - [120]
[155101553043308544, 957675709537599508] - [55, 55]
[762353710931509268, 515648621669122157, 1015570564250873856, 450199636750368768, 563210984072675330, 270018062369947648, 418928569452986370, 919306831816429579] - [19, 19, 19, 19, 21, 2, 19, 19]
[563210984072675330, 270018062369947648, 418928569452986370, 754609746920734731, 919306831816429579, 834493463688118323, 717534223447359571, 957675709537599508, 791632431265480724, 762353710931509268, 515648621669122157] - [733, 67, 533, 467, 400, 333, 267, 200, 167, 167, 167]
[944967707516866581] - [32]
[334777399298359296] - [42]
[944967707516866581] - [42]
[203200098426028032, 270018062369947648, 905371584397729852, 717534223447359571, 919306831816429579, 957675709537599508, 144855224119590913, 1069845068292300800, 751500337155801189, 418928569452986370, 762353710931509268] - [540, 432, 378, 324, 270, 216, 162, 135, 135, 135, 135]
[203200098426028032] - [94]
[515648621669122157] - [131]
[791632431265480724] - [102]
[270018062369947648] - [136]
[762353710931509268, 490152758478110742, 203200098426028032, 929464387788488745, 418928569452986370, 336889370386890762, 1069845068292300800, 511953854099619853, 334777399298359296, 905371584397729852, 754609746920734731, 144855224119590913, 834493463688118323, 515648621669122157] - [592, 474, 415, 356, 296, 237, 178, 148, 148, 148, 148, 148, 148, 148]
[418928569452986370, 929464387788488745, 762353710931509268, 144855224119590913, 511953854099619853, 490152758478110742, 334777399298359296, 203200098426028032, 754609746920734731, 762353710931509268, 270018062369947648, 515648621669122157, 834493463688118323, 1069845068292300800] - [906, 798, 73, 635, 544, 453, 363, 272, 227, 227, 227, 227, 227, 227]
[203200098426028032, 1069845068292300800, 929464387788488745, 762353710931509268, 418928569452986370, 490152758478110742, 754609746920734731, 511953854099619853, 144855224119590913, 334777399298359296, 762353710931509268, 515648621669122157] - [442, 354, 341, 31, 266, 221, 177, 133, 111, 111, 111, 111]
[776341613135790110] - [34]
[776341613135790110] - [111]
[776341613135790110] - [89]
[762353710931509268, 270018062369947648, 203200098426028032, 418928569452986370, 754609746920734731, 144855224119590913, 515648621669122157] - [408, 327, 286, 245, 204, 164, 123]
[821260272958177292] - [64]
[756592600630296628, 1069845068292300800, 334777399298359296, 675614272021331968, 704167934842634310, 512246162628018177, 203200098426028032, 754609746920734731, 490152758478110742, 563210984072675330, 270018062369947648, 418928569452986370, 479306471482589186, 144855224119590913, 929464387788488745, 762353710931509268, 515648621669122157, 762353710931509268] - [480, 384, 336, 288, 240, 192, 144, 120, 120, 132, 12, 120, 120, 120, 132, 12, 120, 120]
[919306831816429579, 270018062369947648] - [74, 74]
[490152758478110742] - [160]
[750436037838503997, 717534223447359571, 203200098426028032, 756592600630296628, 1069845068292300800, 531263484151857174, 754609746920734731, 563210984072675330, 270018062369947648, 334777399298359296, 751377029697372220, 511953854099619853, 515648621669122157, 270018062369947648] - [388, 311, 272, 233, 194, 156, 117, 107, 10, 97, 97, 97, 97, 97]
[203200098426028032, 1069845068292300800, 490152758478110742, 1053102728601145384, 531263484151857174, 563210984072675330, 270018062369947648, 270018062369947648, 754609746920734731, 511953854099619853, 756592600630296628, 704167934842634310, 751377029697372220, 334777399298359296, 515648621669122157] - [964, 772, 675, 579, 482, 425, 39, 290, 241, 241, 241, 241, 241, 241, 241]
[957675709537599508] - [94]
[270018062369947648, 515648621669122157, 203200098426028032, 511953854099619853, 531263484151857174, 754609746920734731, 751377029697372220, 756592600630296628, 511953854099619853, 717534223447359571, 490152758478110742, 563210984072675330, 270018062369947648, 1069845068292300800, 750436037838503997] - [964, 772, 675, 579, 482, 386, 290, 241, 241, 241, 241, 266, 25, 241, 241]
[1053102728601145384] - [135]
[334777399298359296, 965363295685074964] - [62, 62]
[756592600630296628, 712357698825617409, 957675709537599508, 1069845068292300800, 270018062369947648, 1053102728601145384, 490152758478110742, 751377029697372220, 717534223447359571, 515648621669122157, 334777399298359296] - [434, 348, 304, 261, 217, 174, 131, 109, 109, 109, 109]
[1053102728601145384, 965363295685074964, 929464387788488745, 762353710931509268, 957675709537599508, 336889370386890762, 144855224119590913, 1069845068292300800, 762353710931509268, 717534223447359571, 1087774517604143104, 515648621669122157, 756592600630296628, 270018062369947648, 490152758478110742] - [908, 727, 700, 64, 545, 454, 364, 273, 227, 227, 227, 227, 227, 227, 227]
[704167934842634310] - [71]
[1097928512821792938] - [227]
[1053102728601145384] - [112]
[475665526622781443] - [116]
[756592600630296628, 475665526622781443, 1069845068292300800, 776341613135790110, 754609746920734731, 762353710931509268, 751401792033652776, 1053102728601145384, 490152758478110742, 515648621669122157, 144855224119590913] - [538, 431, 377, 323, 269, 216, 162, 135, 135, 135, 135]
[944967707516866581] - [45]
[762353710931509268, 270018062369947648, 475665526622781443, 916792066648997968, 334777399298359296, 1069845068292300800, 1053102728601145384, 490152758478110742, 751377029697372220, 515648621669122157, 756592600630296628] - [580, 464, 406, 348, 290, 232, 174, 145, 145, 145, 145]
[1053102728601145384, 515648621669122157, 756592600630296628, 450199636750368768] - [45, 45, 45, 45]
[1053102728601145384, 515648621669122157] - [105, 105]
[490152758478110742, 756592600630296628, 515648621669122157, 751377029697372220, 334777399298359296, 144522382026080256, 450199636750368768, 1053102728601145384, 976497919043710986] - [660, 528, 462, 396, 330, 264, 198, 165, 165]
[916792066648997968] - [147]
[1053102728601145384, 776341613135790110, 515648621669122157, 919306831816429579, 756592600630296628] - [23, 23, 23, 23, 23]
[1053102728601145384] - [121]
[1053102728601145384, 919306831816429579, 776341613135790110] - [37, 37, 37]
[334777399298359296] - [105]
[334777399298359296] - [102]
[957675709537599508] - [55]
[310902071236886538, 946108238372429875, 270018062369947648, 515648621669122157] - [706, 565, 495, 424]
[334777399298359296, 270018062369947648, 852698131530514453, 946108238372429875] - [414, 332, 290, 249]
[363170866990678017] - [73]
[363170866990678017] - [207]
[334777399298359296, 475665526622781443, 852698131530514453, 144522382026080256] - [236, 189, 166, 142]
[511953854099619853, 852698131530514453, 712357698825617409] - [234, 188, 164]
[852698131530514453, 965363295685074964] - [218, 175]
[852698131530514453, 965363295685074964, 310902071236886538] - [400, 320, 280]
[957675709537599508] - [41]
[310902071236886538, 957675709537599508, 965363295685074964, 852698131530514453] - [292, 234, 205, 176]
[310902071236886538, 957675709537599508] - [25, 25]
[310902071236886538, 957675709537599508] - [25, 25]
[310902071236886538, 734589877068365825, 957675709537599508] - [234, 188, 164]
[957675709537599508] - [26]
[310902071236886538, 734589877068365825, 957675709537599508] - [356, 285, 250]
[694558806805577829, 84503876627083264] - [22, 22]
[694558806805577829] - [8]
[694558806805577829] - [24]
[203200098426028032] - [106]
[334777399298359296] - [77]
[203200098426028032] - [60]
[203200098426028032, 479306471482589186, 916792066648997968] - [298, 239, 209]
[203200098426028032] - [92]
[490152758478110742] - [95]
[762353710931509268, 490152758478110742, 203200098426028032, 334777399298359296] - [440, 352, 308, 264]
[762353710931509268, 516975285217001472, 1053102728601145384, 334777399298359296, 490152758478110742, 1069845068292300800, 852698131530514453] - [270, 216, 189, 162, 135, 108, 81]
[762353710931509268] - [1]
[694558806805577829] - [47]
[1053102728601145384, 1069845068292300800, 776341613135790110, 916792066648997968, 965363295685074964, 712357698825617409, 717534223447359571, 935968620096393267] - [556, 445, 390, 334, 278, 223, 167, 139]
[776341613135790110] - [150]
[563210984072675330, 270018062369947648, 717534223447359571, 334777399298359296, 965363295685074964] - [768, 70, 559, 489, 419]
[776341613135790110] - [173]
[510486573566132226] - [120]
[510486573566132226] - [96]
[1053102728601145384, 965363295685074964, 916792066648997968, 563210984072675330, 270018062369947648, 1069845068292300800, 717534223447359571, 203200098426028032] - [384, 308, 269, 254, 24, 192, 154, 116]
[754609746920734731] - [80]
[203200098426028032, 490152758478110742, 1069845068292300800, 515648621669122157, 751500337155801189] - [534, 428, 374, 321, 267]
[516975285217001472, 490152758478110742, 717534223447359571, 418928569452986370, 203200098426028032, 751500337155801189, 916792066648997968, 334777399298359296, 754609746920734731, 1053102728601145384, 1069845068292300800, 965363295685074964, 751500337155801189, 515648621669122157] - [912, 730, 639, 548, 456, 365, 274, 228, 228, 228, 228, 228, 228, 228]
[203200098426028032, 490152758478110742, 712357698825617409, 916792066648997968, 965363295685074964, 418928569452986370, 334777399298359296, 680217671605682298, 754609746920734731, 1053102728601145384, 511953854099619853, 516975285217001472, 515648621669122157] - [486, 389, 341, 292, 243, 195, 146, 122, 122, 122, 122, 122, 122]
[717534223447359571] - [122]
[203200098426028032] - [98]
[563210984072675330, 270018062369947648] - [132, 12]
[511953854099619853, 759789922718187541, 490152758478110742, 1053102728601145384, 418928569452986370, 270018062369947648, 515648621669122157, 563210984072675330, 270018062369947648, 754609746920734731, 310902071236886538, 516975285217001472, 680217671605682298, 1069845068292300800, 776341613135790110, 717534223447359571] - [532, 426, 373, 320, 266, 213, 160, 147, 14, 133, 133, 133, 133, 133, 133, 133]
[203200098426028032, 694104740853841942, 516975285217001472, 490152758478110742, 563210984072675330, 270018062369947648, 1002477893340889088, 754609746920734731, 283272555807244290, 717534223447359571, 1086986336495489045, 1053102728601145384, 511953854099619853, 1069845068292300800, 418928569452986370, 935968620096393267, 515648621669122157] - [1024, 820, 717, 615, 564, 52, 410, 308, 256, 256, 256, 256, 256, 256, 256, 256, 256]
[1053102728601145384, 203200098426028032, 270018062369947648, 762353710931509268, 283272555807244290, 717534223447359571, 511953854099619853, 418928569452986370, 134695420520693760, 694104740853841942, 334777399298359296, 754609746920734731, 1069845068292300800, 916792066648997968, 1086986336495489045, 736876320449101864, 515648621669122157, 490152758478110742] - [510, 408, 357, 306, 255, 204, 153, 128, 128, 128, 128, 128, 128, 128, 128, 128, 128, 128]
[270018062369947648, 511953854099619853, 754609746920734731, 1069845068292300800, 563210984072675330, 270018062369947648, 1086986336495489045, 489444476834807810, 203200098426028032, 762353710931509268, 1053102728601145384, 515648621669122157] - [542, 434, 380, 326, 299, 28, 217, 163, 136, 136, 136, 136]
[203200098426028032, 1053102728601145384, 134695420520693760, 1086986336495489045, 1069845068292300800, 834493463688118323, 334777399298359296, 270018062369947648, 563210984072675330, 270018062369947648, 511953854099619853, 515648621669122157] - [1024, 820, 717, 615, 512, 410, 308, 256, 282, 26, 256, 256]
[515648621669122157, 563210984072675330, 270018062369947648, 834493463688118323, 1086986336495489045, 203200098426028032, 1069845068292300800, 886995906946293843, 144855224119590913, 511953854099619853, 754609746920734731, 1053102728601145384, 334777399298359296] - [660, 581, 53, 462, 396, 330, 264, 198, 165, 165, 165, 165, 165]
[284761505361297409] - [32]
[203200098426028032] - [174]
[886995906946293843] - [127]
[334777399298359296, 511953854099619853, 1086986336495489045, 515648621669122157] - [41, 41, 41, 41]
[334777399298359296] - [144]
[511953854099619853, 270018062369947648, 144855224119590913, 834493463688118323, 563210984072675330, 270018062369947648, 334777399298359296, 489444476834807810, 886995906946293843, 1053102728601145384, 1069845068292300800] - [516, 413, 362, 310, 284, 26, 207, 155, 129, 129, 129]
[1053102728601145384, 489444476834807810, 511953854099619853, 751377029697372220, 475665526622781443, 1069845068292300800, 563210984072675330, 270018062369947648, 347660230982631425, 523182273399619592, 516975285217001472, 270018062369947648, 886995906946293843, 834493463688118323] - [988, 791, 692, 593, 494, 396, 327, 30, 247, 247, 247, 247, 247, 247]
[475665526622781443, 516975285217001472, 515648621669122157] - [49, 49, 49]
[516975285217001472, 736876320449101864] - [68, 68]
[516975285217001472, 134695420520693760, 475665526622781443, 489444476834807810, 720974098989056010, 347660230982631425, 1053102728601145384, 754609746920734731, 944967707516866581, 144855224119590913, 334777399298359296, 834493463688118323, 515648621669122157] - [452, 362, 317, 272, 226, 181, 136, 113, 113, 113, 113, 113, 113]
[754609746920734731, 511953854099619853, 347660230982631425, 134695420520693760, 489444476834807810, 515648621669122157, 144855224119590913, 334777399298359296, 720974098989056010, 516975285217001472, 1053102728601145384] - [950, 760, 665, 570, 475, 380, 285, 238, 238, 238, 238]
[834493463688118323] - [238]
[720974098989056010, 834493463688118323, 347660230982631425, 751377029697372220, 144855224119590913, 1036909624537927680, 515648621669122157, 511953854099619853] - [524, 420, 367, 315, 262, 210, 158, 131]
[] - []
[704167934842634310] - [57]
[334777399298359296] - [120]
[694558806805577829] - [127]
[510486573566132226] - [68]
[510486573566132226] - [72]
[510486573566132226] - [77]
[510486573566132226] - [49]
[203200098426028032] - [98]
[203200098426028032] - [57]
[203200098426028032] - [91]
[270018062369947648, 1053102728601145384, 1076483699211771914] - [496, 397, 348]
[270018062369947648, 1053102728601145384, 144522382026080256, 515648621669122157] - [268, 215, 188, 161]
[203200098426028032] - [57]
[270018062369947648] - [39]
[270018062369947648] - [74]
[203200098426028032, 511953854099619853, 1076483699211771914] - [312, 250, 219]
[511953854099619853, 203200098426028032] - [418, 335]
[270018062369947648, 511953854099619853] - [284, 228]
[511953854099619853] - [304]
[334777399298359296] - [67]
[203200098426028032] - [104]
[203200098426028032] - [107]
[516975285217001472] - [42]
[418928569452986370, 919306831816429579] - [350, 280]
[270018062369947648] - [100]
[418928569452986370, 336889370386890762, 563210984072675330, 270018062369947648, 516975285217001472, 511953854099619853, 334777399298359296, 754609746920734731, 270018062369947648, 776341613135790110, 515648621669122157] - [492, 394, 379, 35, 296, 246, 197, 148, 123, 123, 123]
[203200098426028032] - [150]
[203200098426028032] - [140]
[490152758478110742, 334777399298359296, 754609746920734731, 515648621669122157, 144855224119590913, 563210984072675330, 270018062369947648, 203200098426028032, 1069845068292300800, 769268266719510584] - [528, 423, 370, 317, 264, 233, 22, 159, 132, 132]
[826724975255617579, 1069845068292300800, 270018062369947648, 516975285217001472, 511953854099619853, 754609746920734731, 434268326299172864, 334777399298359296, 834493463688118323, 490152758478110742, 563210984072675330, 270018062369947648, 852698131530514453, 418928569452986370, 203200098426028032, 905371584397729852, 515648621669122157] - [1012, 810, 709, 608, 506, 405, 304, 253, 253, 253, 279, 26, 253, 253, 253, 253, 253]
[852698131530514453, 516975285217001472, 511953854099619853, 490152758478110742, 754609746920734731, 926384243351887933, 418928569452986370, 1069845068292300800, 270018062369947648, 203200098426028032, 826724975255617579, 270018062369947648, 515648621669122157] - [520, 416, 364, 312, 260, 208, 156, 130, 130, 130, 143, 13, 130]
[516975285217001472] - [67]
[270018062369947648] - [108]
[270018062369947648, 515648621669122157] - [33, 33]
[270018062369947648, 490152758478110742] - [61, 61]
[826724975255617579, 270018062369947648] - [112, 11]
[270018062369947648, 336889370386890762, 511953854099619853, 826724975255617579, 270018062369947648, 736876320449101864, 965363295685074964, 754609746920734731, 516975285217001472, 515648621669122157, 490152758478110742] - [484, 388, 339, 320, 30, 242, 194, 146, 121, 121, 121]
[336889370386890762, 736876320449101864, 754609746920734731, 834493463688118323, 515648621669122157, 270018062369947648, 1053102728601145384, 751377029697372220, 776341613135790110] - [1006, 805, 705, 604, 503, 403, 302, 252, 252]
[826724975255617579, 270018062369947648] - [554, 51]
[336889370386890762, 754609746920734731, 776341613135790110, 751377029697372220, 834493463688118323, 826724975255617579, 270018062369947648, 134695420520693760, 515648621669122157, 736876320449101864, 270018062369947648] - [520, 416, 364, 312, 260, 229, 21, 156, 130, 130, 130]
[490152758478110742] - [252]
[516975285217001472] - [53]
[515648621669122157, 490152758478110742, 516975285217001472, 826724975255617579, 270018062369947648, 563210984072675330, 270018062369947648, 134695420520693760, 694104740853841942, 754609746920734731, 270018062369947648, 751377029697372220, 336889370386890762] - [442, 354, 310, 292, 27, 244, 23, 177, 133, 111, 111, 111, 111]
[249572079521759232, 270018062369947648, 694104740853841942, 754609746920734731, 751377029697372220, 511953854099619853, 336889370386890762, 490152758478110742, 826724975255617579, 270018062369947648, 834493463688118323, 310902071236886538] - [1024, 820, 717, 615, 512, 410, 308, 256, 282, 26, 256, 256]
[515648621669122157] - [1]
[821260272958177292] - [34]
[515648621669122157, 736876320449101864, 490152758478110742, 563210984072675330, 270018062369947648, 776341613135790110, 310902071236886538, 270018062369947648, 336889370386890762, 144855224119590913, 511953854099619853, 1069845068292300800, 751377029697372220, 826724975255617579, 270018062369947648, 834493463688118323] - [624, 500, 437, 412, 38, 312, 250, 188, 156, 156, 156, 156, 156, 172, 16, 156]
[334777399298359296] - [146]
[970735970536284171] - [95]
[249572079521759232, 1069845068292300800, 563210984072675330, 270018062369947648, 334777399298359296, 834493463688118323, 821260272958177292, 826724975255617579, 270018062369947648, 1047275052338528296, 270018062369947648, 310902071236886538, 736876320449101864, 776341613135790110, 515648621669122157] - [438, 351, 338, 31, 263, 219, 176, 145, 14, 110, 110, 110, 110, 110, 110]
[490152758478110742] - [110]
[733189311276515400] - [1]
[490152758478110742, 270018062369947648, 515648621669122157, 776341613135790110, 336889370386890762, 1076483699211771914, 249572079521759232, 310902071236886538, 516975285217001472, 144855224119590913, 834493463688118323, 826724975255617579, 270018062369947648, 736876320449101864, 1069845068292300800, 563210984072675330, 270018062369947648] - [960, 768, 672, 576, 480, 384, 288, 240, 240, 240, 240, 264, 24, 240, 240, 264, 24]
[249572079521759232, 834493463688118323, 826724975255617579, 270018062369947648, 270018062369947648, 336889370386890762, 490152758478110742, 310902071236886538, 515648621669122157] - [570, 456, 439, 40, 342, 285, 228, 171, 143]
[834493463688118323, 270018062369947648, 826724975255617579, 270018062369947648, 336889370386890762, 736876320449101864, 144855224119590913, 310902071236886538, 515648621669122157] - [570, 456, 439, 40, 342, 285, 228, 171, 143]
[490152758478110742] - [149]
[826724975255617579, 270018062369947648] - [261, 24]
[490152758478110742, 144522382026080256, 144855224119590913, 759789922718187541, 249572079521759232, 776341613135790110, 310902071236886538, 270018062369947648, 334777399298359296, 826724975255617579, 270018062369947648, 515648621669122157] - [524, 420, 367, 315, 262, 210, 158, 131, 131, 145, 14, 131]
[834493463688118323] - [131]
[826724975255617579, 270018062369947648, 834493463688118323, 1076483699211771914, 144855224119590913, 249572079521759232, 776341613135790110, 915465775437987860, 490152758478110742, 515648621669122157] - [1056, 96, 768, 672, 576, 480, 384, 288, 240, 240]
[249572079521759232, 826724975255617579, 270018062369947648, 490152758478110742, 515648621669122157, 310902071236886538, 1092368010318188575, 490152758478110742, 144855224119590913, 834493463688118323, 270018062369947648] - [516, 455, 42, 362, 310, 258, 228, 21, 155, 129, 129]
[776341613135790110] - [123]
[270018062369947648] - [120]
[694558806805577829] - [91]
[490152758478110742, 1076483699211771914, 310902071236886538, 144855224119590913, 203200098426028032, 826724975255617579, 270018062369947648, 1053102728601145384, 510486573566132226, 249572079521759232, 515648621669122157, 834493463688118323, 144855224119590913] - [566, 453, 397, 340, 283, 250, 23, 170, 142, 142, 142, 142, 142]
[144855224119590913, 490152758478110742, 1076483699211771914, 826724975255617579, 270018062369947648, 510486573566132226, 834493463688118323, 516975285217001472, 515648621669122157, 511953854099619853, 1053102728601145384, 249572079521759232] - [540, 432, 378, 357, 33, 270, 216, 162, 135, 135, 135, 135]
[516975285217001472] - [32]
[511953854099619853, 563210984072675330, 270018062369947648, 905406492239364117, 776341613135790110, 736876320449101864, 834493463688118323, 489444476834807810, 826724975255617579, 270018062369947648, 1076483699211771914, 310902071236886538, 1053102728601145384, 490152758478110742, 516975285217001472, 751377029697372220, 515648621669122157] - [568, 500, 46, 398, 341, 284, 228, 171, 157, 15, 142, 142, 142, 142, 142, 142, 142]
[905406492239364117, 563210984072675330, 270018062369947648, 1076483699211771914, 490152758478110742, 736876320449101864, 310902071236886538, 834493463688118323, 776341613135790110, 489444476834807810, 511953854099619853, 334777399298359296, 515648621669122157] - [1024, 902, 82, 717, 615, 512, 410, 308, 256, 256, 256, 256, 256]
[826724975255617579, 270018062369947648] - [282, 26]
[510486573566132226] - [256]
[905406492239364117, 1047275052338528296, 563210984072675330, 270018062369947648, 1076483699211771914, 510486573566132226, 511953854099619853, 751377029697372220, 490152758478110742, 826724975255617579, 270018062369947648, 776341613135790110, 834493463688118323, 515648621669122157] - [522, 418, 402, 37, 314, 261, 209, 157, 131, 144, 14, 131, 131, 131]
[736876320449101864] - [402]
[334777399298359296] - [55]
[563210984072675330, 510486573566132226, 203200098426028032, 1076483699211771914, 734589877068365825, 751377029697372220, 826724975255617579, 270018062369947648, 776341613135790110, 515648621669122157] - [384, 308, 269, 231, 192, 154, 127, 12, 96, 96]
[516975285217001472, 826724975255617579, 270018062369947648, 1076483699211771914, 957675709537599508, 1053102728601145384, 734589877068365825, 563210984072675330, 510486573566132226, 511953854099619853, 751377029697372220, 134695420520693760, 776341613135790110, 720974098989056010, 515648621669122157] - [772, 680, 62, 541, 464, 386, 309, 232, 193, 193, 193, 193, 193, 193, 193]
[1076483699211771914, 334777399298359296] - [17, 17]
[310902071236886538, 270018062369947648, 1076483699211771914, 694104740853841942] - [450, 360, 315, 270]
[957675709537599508] - [26]
[310902071236886538, 957675709537599508] - [22, 22]
[310902071236886538, 1053102728601145384, 734589877068365825, 1076483699211771914, 957675709537599508, 852698131530514453] - [202, 162, 142, 122, 101, 81]
[310902071236886538, 1076483699211771914, 957675709537599508, 852698131530514453] - [222, 178, 156, 134]
[310902071236886538, 957675709537599508, 734589877068365825] - [19, 19, 19]
[826724975255617579, 270018062369947648] - [54, 5]
[762353710931509268] - [1]
[762353710931509268, 1064265284040540181] - [10, 8]
[762353710931509268] - [1]
[762353710931509268, 1064265284040540181] - [2, 2]
[762353710931509268] - [10]
[762353710931509268] - [2]
[762353710931509268] - [1]
[762353710931509268] - [1]
[762353710931509268, 1064265284040540181] - [5, 5]
[762353710931509268] - [5]
[762353710931509268] - [10]
[762353710931509268] - [15]
[762353710931509268] - [14]
[762353710931509268] - [1]
[762353710931509268] - [1]
